
*FILE TYPE =     6

                Single scattering parameters.


Scattering algorithm =     1   (Full Mie scattering calculation         )
Scattering type      =     0   (Unassigned          )

Number density   =
Effective radius =
Volume fraction  =

    Wavelength (m)      Absorption (m-1)    Scattering (m-1)     Moments of pf
     2.000000000E-07     7.637204288E-10     1.191101666E-09     8.644501741E-01
     2.034926805E-07     7.746145162E-10     1.180720062E-09     8.683891991E-01
     2.070463552E-07     7.897608170E-10     1.165845854E-09     8.766149288E-01
     2.106620891E-07     8.100298546E-10     1.145578303E-09     8.917544178E-01
     2.143409660E-07     8.223375444E-10     1.133397137E-09     9.009994270E-01
     2.180840886E-07     8.342992862E-10     1.121542942E-09     9.108964424E-01
     2.218925789E-07     8.425024803E-10     1.113466214E-09     9.181700850E-01
     2.257675783E-07     8.453914799E-10     1.110763477E-09     9.210982076E-01
     2.297102485E-07     8.428400672E-10     1.113588470E-09     9.195682063E-01
     2.337217711E-07     8.348489747E-10     1.121998076E-09     9.133068565E-01
     2.378033485E-07     8.241967435E-10     1.133178239E-09     9.044648717E-01
     2.419562041E-07     8.136489390E-10     1.144299979E-09     8.952565507E-01
     2.461815828E-07     8.044420873E-10     1.154082862E-09     8.866543942E-01
     2.504807509E-07     7.963787360E-10     1.162691208E-09     8.784242685E-01
     2.548549971E-07     7.946852204E-10     1.164750982E-09     8.758015860E-01
     2.593056326E-07     7.974836944E-10     1.162186639E-09     8.768343687E-01
     2.638339913E-07     8.035264751E-10     1.156302433E-09     8.809227525E-01
     2.684414305E-07     8.107781288E-10     1.149230571E-09     8.865125923E-01
     2.731293314E-07     8.185190511E-10     1.141712823E-09     8.928246335E-01
     2.778990989E-07     8.242847509E-10     1.136225838E-09     8.975926639E-01
     2.827521628E-07     8.282641955E-10     1.132553668E-09     9.008428482E-01
     2.876899777E-07     8.308022820E-10     1.130340059E-09     9.028272678E-01
     2.927140236E-07     8.319088051E-10     1.129575529E-09     9.035634139E-01
     2.978258065E-07     8.330093560E-10     1.128818202E-09     9.042762300E-01
     3.030268585E-07     8.341709896E-10     1.128000327E-09     9.050275178E-01
     3.083187386E-07     8.366615546E-10     1.125839958E-09     9.068980686E-01
     3.137030329E-07     8.386635870E-10     1.124199942E-09     9.084525460E-01
     3.191813553E-07     8.405869131E-10     1.122645710E-09     9.099461243E-01
     3.247553478E-07     8.425627091E-10     1.121042915E-09     9.114825723E-01
     3.304266813E-07     8.445345124E-10     1.119448118E-09     9.130117099E-01
     3.361970555E-07     8.464936746E-10     1.117869899E-09     9.145252834E-01
     3.420682001E-07     8.484434126E-10     1.116304965E-09     9.160256093E-01
     3.480418748E-07     8.503857306E-10     1.114751280E-09     9.175140862E-01
     3.541198702E-07     8.523219340E-10     1.113207529E-09     9.189916197E-01
     3.603040082E-07     8.542698368E-10     1.111655783E-09     9.204732305E-01
     3.665961422E-07     8.562285341E-10     1.110096968E-09     9.219578799E-01
     3.729981582E-07     8.581838181E-10     1.108545407E-09     9.234331435E-01
     3.795119753E-07     8.601361304E-10     1.107000671E-09     9.248990914E-01
     3.861395458E-07     8.620858698E-10     1.105462373E-09     9.263557198E-01
     3.928828562E-07     8.640334117E-10     1.103930145E-09     9.278029297E-01
     3.997439277E-07     8.658331876E-10     1.102551022E-09     9.291157876E-01
     4.067248169E-07     8.666163232E-10     1.102203661E-09     9.295508991E-01
     4.138276162E-07     8.672080398E-10     1.102054711E-09     9.298176087E-01
     4.210544546E-07     8.677857232E-10     1.101924977E-09     9.300679256E-01
     4.284074981E-07     8.683584477E-10     1.101805350E-09     9.303095658E-01
     4.358889508E-07     8.689143137E-10     1.101707915E-09     9.305323461E-01
     4.435010551E-07     8.694565217E-10     1.101629511E-09     9.307388715E-01
     4.512460926E-07     8.699883398E-10     1.101566909E-09     9.309317905E-01
     4.591263848E-07     8.705163876E-10     1.101513478E-09     9.311165914E-01
     4.671442938E-07     8.710547153E-10     1.101455058E-09     9.313051379E-01
     4.753022228E-07     8.715696469E-10     1.101425584E-09     9.314694860E-01
     4.836026169E-07     8.720666476E-10     1.101419778E-09     9.316136770E-01
     4.920479642E-07     8.725578936E-10     1.101425410E-09     9.317479359E-01
     5.006407959E-07     8.730540736E-10     1.101431717E-09     9.318811362E-01
     5.093836878E-07     8.735655157E-10     1.101428736E-09     9.320205382E-01
     5.182792603E-07     8.740818558E-10     1.101427089E-09     9.321570991E-01
     5.273301797E-07     8.745926665E-10     1.101436992E-09     9.322831361E-01
     5.365391591E-07     8.751158728E-10     1.101440350E-09     9.324137984E-01
     5.459089585E-07     8.756369761E-10     1.101451775E-09     9.325373427E-01
     5.554423865E-07     8.761503046E-10     1.101477011E-09     9.326492691E-01
     5.651423006E-07     8.766557517E-10     1.101516462E-09     9.327488658E-01
     5.750116082E-07     8.771487584E-10     1.101574829E-09     9.328321092E-01
     5.850532675E-07     8.776335687E-10     1.101647705E-09     9.329029350E-01
     5.952702883E-07     8.781876366E-10     1.101656602E-09     9.330257763E-01
     6.056657331E-07     8.789592343E-10     1.101451143E-09     9.333237585E-01
     6.162427177E-07     8.794715993E-10     1.101515388E-09     9.333991041E-01
     6.270044125E-07     8.798932389E-10     1.101677761E-09     9.333945896E-01
     6.379540431E-07     8.803206255E-10     1.101841030E-09     9.333890776E-01
     6.490948915E-07     8.807538442E-10     1.102005186E-09     9.333825785E-01
     6.604302970E-07     8.811829878E-10     1.102179936E-09     9.333678186E-01
     6.719636573E-07     8.816126113E-10     1.102360909E-09     9.333480388E-01
     6.836984292E-07     8.820480366E-10     1.102542996E-09     9.333267959E-01
     6.956381303E-07     8.824893410E-10     1.102726196E-09     9.333040052E-01
     7.077863391E-07     8.829366149E-10     1.102910504E-09     9.332797301E-01
     7.201466970E-07     8.833899321E-10     1.103095916E-09     9.332539111E-01
     7.327229088E-07     8.838493821E-10     1.103282433E-09     9.332266887E-01
     7.455187441E-07     8.843150542E-10     1.103470046E-09     9.331980748E-01
     7.585380381E-07     8.847870245E-10     1.103658755E-09     9.331679861E-01
     7.717846934E-07     8.852653938E-10     1.103848555E-09     9.331364934E-01
     7.852626803E-07     8.857502437E-10     1.104039438E-09     9.331034042E-01
     7.989760388E-07     8.862346326E-10     1.104238379E-09     9.330633297E-01
     8.129288791E-07     8.867112900E-10     1.104452959E-09     9.330099774E-01
     8.271253836E-07     8.871902058E-10     1.104673172E-09     9.329510712E-01
     8.415698073E-07     8.876756642E-10     1.104894757E-09     9.328901504E-01
     8.562664797E-07     8.881679401E-10     1.105117526E-09     9.328273272E-01
     8.712198061E-07     8.886671098E-10     1.105341476E-09     9.327625439E-01
     8.864342685E-07     8.891732891E-10     1.105566608E-09     9.326959514E-01
     9.019144271E-07     8.896761841E-10     1.105802843E-09     9.326206437E-01
     9.176649220E-07     8.901828660E-10     1.106043483E-09     9.325412502E-01
     9.336904741E-07     8.906965434E-10     1.106285558E-09     9.324597955E-01
     9.499958869E-07     8.912172803E-10     1.106529069E-09     9.323760254E-01
     9.665860477E-07     8.917451868E-10     1.106774023E-09     9.322899752E-01
     9.834659292E-07     8.922803987E-10     1.107020372E-09     9.322014894E-01
     1.000640591E-06     8.928206184E-10     1.107270643E-09     9.321081633E-01
     1.018115180E-06     8.933677641E-10     1.107522981E-09     9.320115952E-01
     1.035894936E-06     8.939228268E-10     1.107776381E-09     9.319124530E-01
     1.053985186E-06     8.944854458E-10     1.108031322E-09     9.318103865E-01
     1.072391354E-06     8.950557466E-10     1.108287800E-09     9.317054565E-01
     1.091118956E-06     8.956330749E-10     1.108546577E-09     9.315968478E-01
     1.110173606E-06     8.962068666E-10     1.108819037E-09     9.314749181E-01
     1.129561015E-06     8.967884428E-10     1.109093269E-09     9.313498706E-01
     1.149286994E-06     8.973778684E-10     1.109369291E-09     9.312216146E-01
     1.169357455E-06     8.979752928E-10     1.109647111E-09     9.310902926E-01
     1.189778416E-06     8.985799265E-10     1.109927604E-09     9.309549676E-01
     1.210555995E-06     8.991906250E-10     1.110212033E-09     9.308147152E-01
     1.231696422E-06     8.998070744E-10     1.110500901E-09     9.306690442E-01
     1.253206033E-06     9.004312035E-10     1.110792287E-09     9.305191449E-01
     1.275091274E-06     9.010638371E-10     1.111085518E-09     9.303655891E-01
     1.297358707E-06     9.017050855E-10     1.111380585E-09     9.302081241E-01
     1.320015005E-06     9.023550039E-10     1.111677509E-09     9.300464672E-01
     1.343066958E-06     9.030137725E-10     1.111976302E-09     9.298806332E-01
     1.366521477E-06     9.036814516E-10     1.112276958E-09     9.297102495E-01
     1.390385592E-06     9.043574342E-10     1.112580239E-09     9.295346554E-01
     1.414666456E-06     9.050405497E-10     1.112887523E-09     9.293527468E-01
     1.439371346E-06     9.057200364E-10     1.113209430E-09     9.291568817E-01
     1.464507668E-06     9.063948368E-10     1.113547135E-09     9.289465763E-01
     1.490082955E-06     9.070786246E-10     1.113887260E-09     9.287310636E-01
     1.516104874E-06     9.077714273E-10     1.114229840E-09     9.285101775E-01
     1.542581224E-06     9.084734499E-10     1.114574905E-09     9.282840988E-01
     1.569519941E-06     9.091847392E-10     1.114922453E-09     9.280526085E-01
     1.596929100E-06     9.099055185E-10     1.115272396E-09     9.278158215E-01
     1.624816916E-06     9.106361687E-10     1.115624559E-09     9.275739788E-01
     1.653191748E-06     9.113765227E-10     1.115979127E-09     9.273266881E-01
     1.682062101E-06     9.121224669E-10     1.116340442E-09     9.270710202E-01
     1.711436629E-06     9.128748352E-10     1.116707811E-09     9.268074074E-01
     1.741324136E-06     9.136369211E-10     1.117077978E-09     9.265379637E-01
     1.771733581E-06     9.144089817E-10     1.117450962E-09     9.262628260E-01
     1.802674078E-06     9.151912203E-10     1.117826609E-09     9.259818460E-01
     1.834154901E-06     9.159838149E-10     1.118204860E-09     9.256949642E-01
     1.866185487E-06     9.167868423E-10     1.118585909E-09     9.254020469E-01
     1.898775436E-06     9.176001567E-10     1.118969901E-09     9.251026043E-01
     1.931934516E-06     9.184567155E-10     1.119324645E-09     9.248178915E-01
     1.965672667E-06     9.193308499E-10     1.119675604E-09     9.245307039E-01
     2.000000000E-06     9.202165684E-10     1.120028673E-09     9.242367499E-01
     2.034926805E-06     9.211142925E-10     1.120383751E-09     9.239360928E-01
     2.070463552E-06     9.220239440E-10     1.120740992E-09     9.236282480E-01
     2.106620891E-06     9.229454210E-10     1.121100601E-09     9.233127982E-01
     2.143409660E-06     9.238793347E-10     1.121462310E-09     9.229898595E-01
     2.180840886E-06     9.248330692E-10     1.121818876E-09     9.226635800E-01
     2.218925789E-06     9.257995117E-10     1.122177490E-09     9.223292780E-01
     2.257675783E-06     9.267788958E-10     1.122538169E-09     9.219867830E-01
     2.297102485E-06     9.277709934E-10     1.122901103E-09     9.216355736E-01
     2.337217711E-06     9.287760525E-10     1.123266427E-09     9.212755834E-01
     2.378033485E-06     9.297942910E-10     1.123634018E-09     9.209066137E-01
     2.419562041E-06     9.308064579E-10     1.124023859E-09     9.205137157E-01
     2.461815828E-06     9.318310442E-10     1.124417277E-09     9.201107132E-01
     2.504807509E-06     9.328687942E-10     1.124813446E-09     9.196978810E-01
     2.548549971E-06     9.339197744E-10     1.125212542E-09     9.192750419E-01
     2.593056326E-06     9.349843793E-10     1.125614471E-09     9.188422719E-01
     2.638339913E-06     9.360625498E-10     1.126019155E-09     9.183993722E-01
     2.684414305E-06     9.371545214E-10     1.126426798E-09     9.179462154E-01
     2.731293314E-06     9.382603760E-10     1.126837503E-09     9.174824804E-01
     2.778990989E-06     9.393796517E-10     1.127251760E-09     9.170075329E-01
     2.827521628E-06     9.405122149E-10     1.127670262E-09     9.165208703E-01
     2.876899777E-06     9.416582319E-10     1.128092804E-09     9.160223422E-01
     2.927140236E-06     9.428183630E-10     1.128518866E-09     9.155122681E-01
     2.978258065E-06     9.439917107E-10     1.128949853E-09     9.149896077E-01
     3.030268585E-06     9.451758541E-10     1.129388166E-09     9.144522423E-01
     3.083187386E-06     9.463718394E-10     1.129833144E-09     9.139006617E-01
     3.137030329E-06     9.475822155E-10     1.130282400E-09     9.133364829E-01
     3.191813553E-06     9.488082802E-10     1.130734451E-09     9.127605378E-01
     3.247553478E-06     9.500512363E-10     1.131188596E-09     9.121734120E-01
     3.304266813E-06     9.513104745E-10     1.131645531E-09     9.115743067E-01
     3.361970555E-06     9.525684948E-10     1.132123449E-09     9.109502535E-01
     3.420682001E-06     9.538166880E-10     1.132631845E-09     9.102946878E-01
     3.480418748E-06     9.550799825E-10     1.133144821E-09     9.096254369E-01
     3.541198702E-06     9.563585391E-10     1.133662548E-09     9.089422506E-01
     3.603040082E-06     9.576524278E-10     1.134185422E-09     9.082447358E-01
     3.665961422E-06     9.589611802E-10     1.134713757E-09     9.075323482E-01
     3.729981582E-06     9.602855383E-10     1.135247317E-09     9.068052106E-01
     3.795119753E-06     9.616268454E-10     1.135785025E-09     9.060637433E-01
     3.861395458E-06     9.629857537E-10     1.136326209E-09     9.053079717E-01
     3.928828562E-06     9.643656402E-10     1.136873273E-09     9.045259814E-01
     3.997439277E-06     9.657698394E-10     1.137427099E-09     9.037083853E-01
     4.067248169E-06     9.679190353E-10     1.137312416E-09     9.031788836E-01
     4.138276162E-06     9.701718495E-10     1.137133353E-09     9.026352756E-01
     4.210544546E-06     9.724455259E-10     1.136967499E-09     9.020369331E-01
     4.284074981E-06     9.747394280E-10     1.136817225E-09     9.013784856E-01
     4.358889508E-06     9.770497409E-10     1.136687675E-09     9.006521735E-01
     4.435010551E-06     9.793713334E-10     1.136583976E-09     8.998496451E-01
     4.512460926E-06     9.817021421E-10     1.136511876E-09     8.989624456E-01
     4.591263848E-06     9.840296366E-10     1.136482510E-09     8.979755149E-01
     4.671442938E-06     9.863378253E-10     1.136513844E-09     8.968752295E-01
     4.753022228E-06     9.883514673E-10     1.136798712E-09     8.957920484E-01
     4.836026169E-06     9.903706329E-10     1.137107366E-09     8.946525205E-01
     4.920479642E-06     9.924005814E-10     1.137443957E-09     8.934554273E-01
     5.006407959E-06     9.944336889E-10     1.137808973E-09     8.921962524E-01
     5.093836878E-06     9.964649760E-10     1.138208999E-09     8.908723180E-01
     5.182792603E-06     9.985014993E-10     1.138647125E-09     8.894804483E-01
     5.273301797E-06     1.000522530E-09     1.139127511E-09     8.880104152E-01
     5.365391591E-06     1.002480358E-09     1.139674809E-09     8.865960854E-01
     5.459089585E-06     1.004317006E-09     1.140288307E-09     8.854068219E-01
     5.554423865E-06     1.006127717E-09     1.140947727E-09     8.841591675E-01
     5.651423006E-06     1.007967613E-09     1.141621409E-09     8.828906733E-01
     5.750116082E-06     1.009821002E-09     1.142303410E-09     8.815963621E-01
     5.850532675E-06     1.011685100E-09     1.143000768E-09     8.802770665E-01
     5.952702883E-06     1.013580402E-09     1.143711092E-09     8.789357156E-01
     6.056657331E-06     1.015517303E-09     1.144393830E-09     8.776069217E-01
     6.162427177E-06     1.017504434E-09     1.145059971E-09     8.762906050E-01
     6.270044125E-06     1.019521090E-09     1.145736052E-09     8.749519561E-01
     6.379540431E-06     1.021543259E-09     1.146422918E-09     8.735871081E-01
     6.490948915E-06     1.023594742E-09     1.147125938E-09     8.722007501E-01
     6.604302970E-06     1.025669442E-09     1.147836643E-09     8.707911949E-01
     6.719636573E-06     1.027770222E-09     1.148539153E-09     8.693866058E-01
     6.836984292E-06     1.029928574E-09     1.149228132E-09     8.679995991E-01
     6.956381303E-06     1.032105861E-09     1.149919859E-09     8.665937158E-01
     7.077863391E-06     1.034302831E-09     1.150624036E-09     8.651679964E-01
     7.201466970E-06     1.036499196E-09     1.151377305E-09     8.636839170E-01
     7.327229088E-06     1.038545161E-09     1.152308873E-09     8.620055762E-01
     7.455187441E-06     1.040587203E-09     1.153288156E-09     8.602727529E-01
     7.585380381E-06     1.042649755E-09     1.154289014E-09     8.585065647E-01
     7.717846934E-06     1.044716996E-09     1.155305543E-09     8.567113779E-01
     7.852626803E-06     1.046820780E-09     1.156332388E-09     8.549021489E-01
     7.989760388E-06     1.049093321E-09     1.157214326E-09     8.532351644E-01
     8.129288791E-06     1.051446813E-09     1.158033949E-09     8.516223353E-01
     8.271253836E-06     1.053756443E-09     1.158954299E-09     8.499006919E-01
     8.415698073E-06     1.056026264E-09     1.159950228E-09     8.480844450E-01
     8.562664797E-06     1.058342004E-09     1.160952100E-09     8.462236680E-01
     8.712198061E-06     1.060720208E-09     1.161958332E-09     8.443331455E-01
     8.864342685E-06     1.063105202E-09     1.162987200E-09     8.424070526E-01
     9.019144271E-06     1.065489352E-09     1.164072288E-09     8.404089317E-01
     9.176649220E-06     1.067892527E-09     1.165195340E-09     8.383643564E-01
     9.336904741E-06     1.070396555E-09     1.166198298E-09     8.364736037E-01
     9.499958869E-06     1.072930530E-09     1.167226763E-09     8.345491001E-01
     9.665860477E-06     1.075479860E-09     1.168289768E-09     8.325761262E-01
     9.834659292E-06     1.078003911E-09     1.169420307E-09     8.305194886E-01
     1.000640591E-05     1.080521878E-09     1.170605654E-09     8.284138345E-01
     1.018115180E-05     1.083190466E-09     1.171698451E-09     8.263724651E-01
     1.035894936E-05     1.085849110E-09     1.172856207E-09     8.242558922E-01
     1.053985186E-05     1.088536941E-09     1.174048026E-09     8.221060290E-01
     1.072391354E-05     1.091232473E-09     1.175268880E-09     8.199235130E-01
     1.091118956E-05     1.093937737E-09     1.176530663E-09     8.177040013E-01
     1.110173606E-05     1.096650078E-09     1.177843133E-09     8.154367469E-01
     1.129561015E-05     1.099349018E-09     1.179212333E-09     8.131118120E-01
     1.149286994E-05     1.102055904E-09     1.180639663E-09     8.107360690E-01
     1.169357455E-05     1.104763557E-09     1.182120656E-09     8.083113251E-01
     1.189778416E-05     1.107420402E-09     1.183703693E-09     8.057934561E-01
     1.210555995E-05     1.110141605E-09     1.185269620E-09     8.032991526E-01
     1.231696422E-05     1.112921283E-09     1.186799701E-09     8.008367387E-01
     1.253206033E-05     1.115753834E-09     1.188308741E-09     7.983924870E-01
     1.275091274E-05     1.118713513E-09     1.189717766E-09     7.960335082E-01
     1.297358707E-05     1.121655760E-09     1.191195895E-09     7.936075537E-01
     1.320015005E-05     1.124522477E-09     1.192848250E-09     7.910357539E-01
     1.343066958E-05     1.127334141E-09     1.194642702E-09     7.883487120E-01
     1.366521477E-05     1.130091401E-09     1.196550595E-09     7.855702157E-01
     1.390385592E-05     1.132868214E-09     1.198502715E-09     7.827627547E-01
     1.414666456E-05     1.135676439E-09     1.200472795E-09     7.799444836E-01
     1.439371346E-05     1.138520156E-09     1.202445066E-09     7.771261039E-01
     1.464507668E-05     1.141339451E-09     1.204526449E-09     7.742319207E-01
     1.490082955E-05     1.144112631E-09     1.206747931E-09     7.712545502E-01
     1.516104874E-05     1.146853339E-09     1.209095983E-09     7.682136861E-01
     1.542581224E-05     1.149588385E-09     1.211527850E-09     7.651303067E-01
     1.569519941E-05     1.152303288E-09     1.214016511E-09     7.620066150E-01
     1.596929100E-05     1.155033354E-09     1.216542734E-09     7.588630271E-01
     1.624816916E-05     1.157791256E-09     1.219101322E-09     7.557069791E-01
     1.653191748E-05     1.160484506E-09     1.221791513E-09     7.524725415E-01
     1.682062101E-05     1.163169903E-09     1.224565841E-09     7.491969938E-01
     1.711436629E-05     1.165809427E-09     1.227467664E-09     7.458574863E-01
     1.741324136E-05     1.168345419E-09     1.230570127E-09     7.424228749E-01
     1.771733581E-05     1.170861152E-09     1.233772629E-09     7.389454615E-01
     1.802674078E-05     1.173341123E-09     1.237073481E-09     7.354248847E-01
     1.834154901E-05     1.175833027E-09     1.240398835E-09     7.318908364E-01
     1.866185487E-05     1.178339759E-09     1.243764772E-09     7.283350868E-01
     1.898775436E-05     1.180775932E-09     1.247269003E-09     7.247160650E-01
     1.931934516E-05     1.183148617E-09     1.250916536E-09     7.210356255E-01
     1.965672667E-05     1.185516481E-09     1.254654858E-09     7.173407178E-01
     2.000000000E-05     1.187903977E-09     1.258445356E-09     7.136700034E-01
     2.034926805E-05     1.190254250E-09     1.262356114E-09     7.099579277E-01
     2.070463552E-05     1.192561355E-09     1.266390219E-09     7.062051887E-01
     2.106620891E-05     1.194788835E-09     1.270582667E-09     7.023999401E-01
     2.143409660E-05     1.196942214E-09     1.274955366E-09     6.985388819E-01
     2.180840886E-05     1.199032777E-09     1.279467844E-09     6.946359493E-01
     2.218925789E-05     1.201042094E-09     1.284139930E-09     6.906839568E-01
     2.257675783E-05     1.202943834E-09     1.289033832E-09     6.866703480E-01
     2.297102485E-05     1.204692248E-09     1.294173008E-09     6.825829655E-01
     2.337217711E-05     1.206339032E-09     1.299490281E-09     6.784448341E-01
     2.378033485E-05     1.207914551E-09     1.304953179E-09     6.742695513E-01
     2.419562041E-05     1.209448362E-09     1.310485207E-09     6.700790250E-01
     2.461815828E-05     1.211101325E-09     1.315875179E-09     6.659307860E-01
     2.504807509E-05     1.212858744E-09     1.321145222E-09     6.618243039E-01
     2.548549971E-05     1.214470709E-09     1.326672591E-09     6.577381984E-01
     2.593056326E-05     1.216006130E-09     1.332310200E-09     6.536153425E-01
     2.638339913E-05     1.217420142E-09     1.338102210E-09     6.494449669E-01
     2.684414305E-05     1.218538358E-09     1.344302788E-09     6.451652199E-01
     2.731293314E-05     1.219041228E-09     1.351369400E-09     6.406750711E-01
     2.778990989E-05     1.219235419E-09     1.358845856E-09     6.360991300E-01
     2.827521628E-05     1.219252470E-09     1.366580090E-09     6.314802914E-01
     2.876899777E-05     1.219127179E-09     1.374526437E-09     6.268314103E-01
     2.927140236E-05     1.218995632E-09     1.382469304E-09     6.221972834E-01
     2.978258065E-05     1.218849376E-09     1.390445361E-09     6.175688571E-01
     3.030268585E-05     1.218561944E-09     1.398613103E-09     6.129113297E-01
     3.083187386E-05     1.218107466E-09     1.407002353E-09     6.082168577E-01
     3.137030329E-05     1.217490344E-09     1.415607175E-09     6.034867318E-01
     3.191813553E-05     1.216697639E-09     1.424398466E-09     5.987239004E-01
     3.247553478E-05     1.215743134E-09     1.433362632E-09     5.939289954E-01
     3.304266813E-05     1.214610515E-09     1.442504145E-09     5.890982758E-01
     3.361970555E-05     1.213282593E-09     1.451797052E-09     5.842312015E-01
     3.420682001E-05     1.211795687E-09     1.461184701E-09     5.793348097E-01
     3.480418748E-05     1.210255419E-09     1.470465875E-09     5.744338345E-01
     3.541198702E-05     1.208634524E-09     1.479651338E-09     5.695191266E-01
     3.603040082E-05     1.206860672E-09     1.488843153E-09     5.645725341E-01
     3.665961422E-05     1.204888126E-09     1.498049500E-09     5.595890813E-01
     3.729981582E-05     1.202684639E-09     1.507297479E-09     5.545640007E-01
     3.795119753E-05     1.199947374E-09     1.517010785E-09     5.494473223E-01
     3.861395458E-05     1.196583062E-09     1.527300162E-09     5.442302122E-01
     3.928828562E-05     1.192895373E-09     1.537741888E-09     5.389657274E-01
     3.997439277E-05     1.188937540E-09     1.548224986E-09     5.336666868E-01
     4.067248169E-05     1.184725041E-09     1.558681250E-09     5.283396405E-01
     4.138276162E-05     1.180449048E-09     1.568834099E-09     5.230121367E-01
     4.210544546E-05     1.176045978E-09     1.578768700E-09     5.176727351E-01
     4.284074981E-05     1.171421396E-09     1.588659652E-09     5.123049480E-01
     4.358889508E-05     1.166562644E-09     1.598543991E-09     5.069069571E-01
     4.435010551E-05     1.161441259E-09     1.608392337E-09     5.014803983E-01
     4.512460926E-05     1.156182765E-09     1.617997107E-09     4.960424273E-01
     4.591263848E-05     1.150743323E-09     1.627421373E-09     4.905868005E-01
     4.671442938E-05     1.145046001E-09     1.636787786E-09     4.851041500E-01
     4.753022228E-05     1.139135608E-09     1.646112169E-09     4.795961893E-01
     4.836026169E-05     1.133079722E-09     1.655276693E-09     4.740704916E-01
     4.920479642E-05     1.126987155E-09     1.664021184E-09     4.685412270E-01
     5.006407959E-05     1.120740694E-09     1.672474362E-09     4.629964122E-01
     5.093836878E-05     1.114228208E-09     1.680733931E-09     4.574268147E-01
     5.182792603E-05     1.107446617E-09     1.688793237E-09     4.518335310E-01
     5.273301797E-05     1.100426565E-09     1.696689087E-09     4.462168539E-01
     5.365391591E-05     1.093102483E-09     1.704530209E-09     4.405718511E-01
     5.459089585E-05     1.085493564E-09     1.712220617E-09     4.349033815E-01
     5.554423865E-05     1.077661423E-09     1.719568800E-09     4.292179769E-01
     5.651423006E-05     1.069596205E-09     1.726479640E-09     4.235160913E-01
     5.750116082E-05     1.061359920E-09     1.732756775E-09     4.178032165E-01
     5.850532675E-05     1.053395004E-09     1.737663219E-09     4.121074226E-01
     5.952702883E-05     1.045455002E-09     1.741612181E-09     4.064097645E-01
     6.056657331E-05     1.037364832E-09     1.744929840E-09     4.006979251E-01
     6.162427177E-05     1.029115816E-09     1.747601148E-09     3.949721715E-01
     6.270044125E-05     1.020627185E-09     1.749694621E-09     3.892290171E-01
     6.379540431E-05     1.011456507E-09     1.751812286E-09     3.834472443E-01
     6.490948915E-05     1.001866838E-09     1.753413252E-09     3.776432780E-01
     6.604302970E-05     9.920501342E-10     1.754054354E-09     3.718290853E-01
     6.719636573E-05     9.819894997E-10     1.753671923E-09     3.660063488E-01
     6.836984292E-05     9.717292483E-10     1.752205941E-09     3.601787866E-01
     6.956381303E-05     9.614785379E-10     1.749413145E-09     3.543552720E-01
     7.077863391E-05     9.511536597E-10     1.745497228E-09     3.485324974E-01
     7.201466970E-05     9.407201071E-10     1.740571318E-09     3.427092346E-01
     7.327229088E-05     9.302372025E-10     1.734580969E-09     3.368868362E-01
     7.455187441E-05     9.197936462E-10     1.727352551E-09     3.310674735E-01
     7.585380381E-05     9.096184694E-10     1.718419808E-09     3.252585287E-01
     7.717846934E-05     8.994657542E-10     1.708002278E-09     3.194548645E-01
     7.852626803E-05     8.891688503E-10     1.696244011E-09     3.136557410E-01
     7.989760388E-05     8.786693811E-10     1.683208046E-09     3.078639227E-01
     8.129288791E-05     8.679083278E-10     1.669038989E-09     3.020819551E-01
     8.271253836E-05     8.568186612E-10     1.653954362E-09     2.963118720E-01
     8.415698073E-05     8.455127891E-10     1.637953745E-09     2.905591185E-01
     8.562664797E-05     8.341336526E-10     1.621012191E-09     2.848284296E-01
     8.712198061E-05     8.227775104E-10     1.603141198E-09     2.791222527E-01
     8.864342685E-05     8.114855229E-10     1.584341164E-09     2.734413748E-01
     9.019144271E-05     8.002251264E-10     1.564609680E-09     2.677857100E-01
     9.176649220E-05     7.889836947E-10     1.543855082E-09     2.621566843E-01
     9.336904741E-05     7.777221529E-10     1.522015957E-09     2.565564157E-01
     9.499958869E-05     7.663787236E-10     1.499096562E-09     2.509875115E-01
     9.665860477E-05     7.549156492E-10     1.475127942E-09     2.454533791E-01
     9.834659292E-05     7.433357821E-10     1.450156172E-09     2.399580512E-01
     1.000640591E-04     7.316035947E-10     1.424337240E-09     2.345048981E-01
     1.018115180E-04     7.197272540E-10     1.397827499E-09     2.290976488E-01
     1.035894936E-04     7.077602413E-10     1.370768968E-09     2.237401979E-01
     1.053985186E-04     6.957658160E-10     1.343303918E-09     2.184359919E-01
     1.072391354E-04     6.838004189E-10     1.315553916E-09     2.131877169E-01
     1.091118956E-04     6.719635067E-10     1.287532202E-09     2.079977103E-01
     1.110173606E-04     6.603089999E-10     1.259226255E-09     2.028671127E-01
     1.129561015E-04     6.488348896E-10     1.230616771E-09     1.977961239E-01
     1.149286994E-04     6.375058359E-10     1.201679420E-09     1.927846064E-01
     1.169357455E-04     6.262692136E-10     1.172396672E-09     1.878325237E-01
     1.189778416E-04     6.150678019E-10     1.142767016E-09     1.829402090E-01
     1.210555995E-04     6.038490770E-10     1.112809746E-09     1.781084831E-01
     1.231696422E-04     5.925712831E-10     1.082566692E-09     1.733386679E-01
     1.253206033E-04     5.812073073E-10     1.052101952E-09     1.686325433E-01
     1.275091274E-04     5.697472514E-10     1.021499993E-09     1.639922854E-01
     1.297358707E-04     5.582000409E-10     9.908619136E-10     1.594203993E-01
     1.320015005E-04     5.465937427E-10     9.602994849E-10     1.549196478E-01
     1.343066958E-04     5.349737823E-10     9.299268310E-10     1.504929610E-01
     1.366521477E-04     5.233982818E-10     8.998504452E-10     1.461433101E-01
     1.390385592E-04     5.119305242E-10     8.701593304E-10     1.418735350E-01
     1.414666456E-04     5.006298578E-10     8.409177364E-10     1.376861411E-01
     1.439371346E-04     4.895433728E-10     8.121624965E-10     1.335831036E-01
     1.464507668E-04     4.787005586E-10     7.839053614E-10     1.295657299E-01
     1.490082955E-04     4.681118951E-10     7.561389796E-10     1.256346128E-01
     1.516104874E-04     4.577708431E-10     7.288443457E-10     1.217896775E-01
     1.542581224E-04     4.476578429E-10     7.019978168E-10     1.180302957E-01
     1.569519941E-04     4.377449104E-10     6.755766587E-10     1.143554280E-01
     1.596929100E-04     4.279998712E-10     6.495628870E-10     1.107637648E-01
     1.624816916E-04     4.183898042E-10     6.239456398E-10     1.072538475E-01
     1.653191748E-04     4.088836410E-10     5.987224610E-10     1.038241636E-01
     1.682062101E-04     3.994540525E-10     5.738998271E-10     1.004732203E-01
     1.711436629E-04     3.900788045E-10     5.494931359E-10     9.719959991E-02
     1.741324136E-04     3.807417310E-10     5.255262542E-10     9.400200498E-02
     1.771733581E-04     3.714334143E-10     5.020306416E-10     9.087929621E-02
     1.802674078E-04     3.621515918E-10     4.790440180E-10     8.783052564E-02
     1.834154901E-04     3.529012547E-10     4.566085514E-10     8.485496570E-02
     1.866185487E-04     3.436943723E-10     4.347685825E-10     8.195213203E-02
     1.898775436E-04     3.345491763E-10     4.135679919E-10     7.912179729E-02
     1.931934516E-04     3.254889790E-10     3.930474114E-10     7.636399161E-02
     1.965672667E-04     3.165405718E-10     3.732415689E-10     7.367898573E-02
     2.000000000E-04     3.077323334E-10     3.541770909E-10     7.106725363E-02

