
*FILE TYPE =     6

                Single scattering parameters.


Scattering algorithm =     1   (Full Mie scattering calculation         )
Scattering type      =     0   (Unassigned          )

Number density   =
Effective radius =
Volume fraction  =

    Wavelength (m)      Absorption (m-1)    Scattering (m-1)     Moments of pf
     2.000000000E-07     1.968798561E-12     1.953249630E-09     7.908125239E-01
     2.023182224E-07     1.938972759E-12     1.952316601E-09     7.916032499E-01
     2.046633157E-07     1.970170087E-12     1.952061252E-09     7.901896745E-01
     2.070355911E-07     1.905541817E-12     1.951282482E-09     7.901014220E-01
     2.094353639E-07     1.892372384E-12     1.953000311E-09     7.907138646E-01
     2.118629527E-07     1.864300018E-12     1.952984400E-09     7.912708951E-01
     2.143186800E-07     1.839423162E-12     1.952380296E-09     7.898099984E-01
     2.168028718E-07     1.812844501E-12     1.951684105E-09     7.900162536E-01
     2.193158583E-07     1.825655787E-12     1.953621131E-09     7.904095356E-01
     2.218579730E-07     1.757852124E-12     1.952890418E-09     7.909512876E-01
     2.244295536E-07     1.772328743E-12     1.952498894E-09     7.896203270E-01
     2.270309418E-07     1.773395959E-12     1.952414234E-09     7.897668575E-01
     2.296624829E-07     1.704705212E-12     1.954267488E-09     7.901204861E-01
     2.323245265E-07     1.698525792E-12     1.954445518E-09     7.901538059E-01
     2.350174262E-07     1.677050817E-12     1.953231771E-09     7.894787198E-01
     2.377415395E-07     1.643475966E-12     1.953071801E-09     7.896104881E-01
     2.404972284E-07     1.665036404E-12     1.955333480E-09     7.897534020E-01
     2.432848588E-07     1.644341928E-12     1.955461076E-09     7.898051063E-01
     2.461048009E-07     1.590606690E-12     1.954121258E-09     7.892345145E-01
     2.489574292E-07     1.601124143E-12     1.955179004E-09     7.891145785E-01
     2.518431227E-07     1.573479904E-12     1.955727893E-09     7.896448576E-01
     2.547622646E-07     1.583156702E-12     1.956391829E-09     7.890254096E-01
     2.577152426E-07     1.574838866E-12     1.956154842E-09     7.887056638E-01
     2.607024489E-07     1.551539218E-12     1.957043891E-09     7.888366078E-01
     2.637242803E-07     1.522408247E-12     1.957540236E-09     7.893078459E-01
     2.667811380E-07     1.508596418E-12     1.957217453E-09     7.885966076E-01
     2.698734281E-07     1.460290274E-12     1.956149854E-09     7.884850434E-01
     2.730015613E-07     1.444777589E-12     1.958838692E-09     7.887430060E-01
     2.761659530E-07     1.456617762E-12     1.958316569E-09     7.891029060E-01
     2.793670236E-07     1.431384602E-12     1.958242241E-09     7.881682604E-01
     2.826051981E-07     1.399859998E-12     1.957311114E-09     7.880045016E-01
     2.858809067E-07     1.378276185E-12     1.960646983E-09     7.883914422E-01
     2.891945844E-07     1.364754230E-12     1.959534999E-09     7.885357427E-01
     2.925466712E-07     1.346679608E-12     1.959083224E-09     7.878801810E-01
     2.959376125E-07     1.328583988E-12     1.957490031E-09     7.874906357E-01
     2.993678586E-07     1.361931250E-12     1.962381669E-09     7.877939978E-01
     3.028378651E-07     1.302530095E-12     1.960572082E-09     7.879856499E-01
     3.063480927E-07     1.289290662E-12     1.960652163E-09     7.869856431E-01
     3.098990079E-07     1.289817562E-12     1.958659821E-09     7.867875368E-01
     3.134910820E-07     1.305550976E-12     1.960949852E-09     7.881484398E-01
     3.171247924E-07     1.260453763E-12     1.962148070E-09     7.876330596E-01
     3.208006214E-07     1.230345822E-12     1.959339743E-09     7.885225674E-01
     3.245190574E-07     1.228114191E-12     1.960866404E-09     7.886912161E-01
     3.282805942E-07     1.220486426E-12     1.960730654E-09     7.888102272E-01
     3.320857314E-07     1.210981196E-12     1.965019049E-09     7.890956209E-01
     3.359349744E-07     1.203183710E-12     1.964113887E-09     7.893630264E-01
     3.398288344E-07     1.179349618E-12     1.963708447E-09     7.900738426E-01
     3.437678286E-07     1.164783414E-12     1.964613244E-09     7.901186633E-01
     3.477524800E-07     1.191555780E-12     1.960745007E-09     7.900511478E-01
     3.517833181E-07     1.158099981E-12     1.965482943E-09     7.896814718E-01
     3.558608780E-07     1.112739219E-12     1.961821498E-09     7.901013770E-01
     3.599857014E-07     1.121649615E-12     1.964981915E-09     7.905502349E-01
     3.641583360E-07     1.101336180E-12     1.965174619E-09     7.904441433E-01
     3.683793362E-07     1.086164732E-12     1.968303079E-09     7.890770556E-01
     3.726492624E-07     1.083102839E-12     1.965647154E-09     7.913740200E-01
     3.769686818E-07     1.050167277E-12     1.962047948E-09     7.908943711E-01
     3.813381681E-07     1.038672469E-12     1.966295715E-09     7.912787912E-01
     3.857583016E-07     1.043646240E-12     1.964076154E-09     7.905160488E-01
     3.902296694E-07     1.035116119E-12     1.967386741E-09     7.908497279E-01
     3.947528653E-07     1.035637425E-12     1.966958870E-09     7.905021601E-01
     3.993284900E-07     1.068217989E-12     1.971130927E-09     7.916083678E-01
     4.039571514E-07     1.033268464E-12     1.969971372E-09     7.907204191E-01
     4.086394640E-07     1.044069625E-12     1.968123848E-09     7.900510622E-01
     4.133760499E-07     9.854672100E-13     1.967863016E-09     7.898346253E-01
     4.181675381E-07     9.897565991E-13     1.969081030E-09     7.907198979E-01
     4.230145650E-07     9.958139128E-13     1.971662550E-09     7.903850438E-01
     4.279177743E-07     1.004807035E-12     1.964429639E-09     7.909640705E-01
     4.328778172E-07     1.003176150E-12     1.969959267E-09     7.907597048E-01
     4.378953526E-07     9.950947827E-13     1.966476328E-09     7.909509537E-01
     4.429710467E-07     9.972821371E-13     1.971678472E-09     7.916326042E-01
     4.481055739E-07     9.859099053E-13     1.971599875E-09     7.909176315E-01
     4.532996159E-07     9.826921642E-13     1.972819783E-09     7.930489463E-01
     4.585538626E-07     1.027587446E-12     1.974756451E-09     7.907373858E-01
     4.638690119E-07     9.919842845E-13     1.967584796E-09     7.908502414E-01
     4.692457696E-07     1.008650506E-12     1.971412821E-09     7.919789578E-01
     4.746848500E-07     1.007095875E-12     1.968932897E-09     7.925323361E-01
     4.801869754E-07     1.021873961E-12     1.973489800E-09     7.919439357E-01
     4.857528765E-07     1.017574981E-12     1.974381965E-09     7.909163820E-01
     4.913832926E-07     1.033366775E-12     1.975678047E-09     7.930009269E-01
     4.970789715E-07     1.010543681E-12     1.974870335E-09     7.923526645E-01
     5.028406696E-07     1.017748255E-12     1.970687660E-09     7.901578522E-01
     5.086691523E-07     1.045923544E-12     1.972276727E-09     7.909766379E-01
     5.145651935E-07     1.051647338E-12     1.975008879E-09     7.923253064E-01
     5.205295764E-07     1.049986383E-12     1.977799604E-09     7.919082891E-01
     5.265630931E-07     1.072208599E-12     1.971076476E-09     7.895085853E-01
     5.326665450E-07     1.121717877E-12     1.976223745E-09     7.910027635E-01
     5.388407427E-07     1.091554147E-12     1.973766936E-09     7.904136609E-01
     5.450865063E-07     1.115953529E-12     1.979082995E-09     7.916132531E-01
     5.514046651E-07     1.131100444E-12     1.975465748E-09     7.891070196E-01
     5.577960585E-07     1.166339562E-12     1.980789644E-09     7.908412193E-01
     5.642615352E-07     1.270781127E-12     1.977908250E-09     7.903537720E-01
     5.708019540E-07     1.171297339E-12     1.975004353E-09     7.914029142E-01
     5.774181835E-07     1.186068092E-12     1.977291259E-09     7.896549785E-01
     5.841111024E-07     1.223162768E-12     1.980878689E-09     7.916669078E-01
     5.908815998E-07     1.287103867E-12     1.982754055E-09     7.898824244E-01
     5.977305747E-07     1.229228997E-12     1.972372869E-09     7.909556232E-01
     6.046589369E-07     1.375976837E-12     1.982875723E-09     7.906750878E-01
     6.116676065E-07     1.251890695E-12     1.978093673E-09     7.921773503E-01
     6.187575143E-07     1.241438590E-12     1.977535095E-09     7.909793998E-01
     6.259296021E-07     1.312000122E-12     1.980532815E-09     7.902294842E-01
     6.331848224E-07     1.279496191E-12     1.981366117E-09     7.913812424E-01
     6.405241387E-07     1.328355330E-12     1.984677631E-09     7.925242401E-01
     6.479485259E-07     1.354318969E-12     1.974921504E-09     7.913216517E-01
     6.554589700E-07     1.363165494E-12     1.981826660E-09     7.907359752E-01
     6.630564685E-07     1.427242146E-12     1.984117409E-09     7.906686186E-01
     6.707420304E-07     1.419350896E-12     1.984589912E-09     7.913148648E-01
     6.785166765E-07     1.480513999E-12     1.978610390E-09     7.889284116E-01
     6.863814395E-07     1.574669241E-12     1.984088097E-09     7.885124372E-01
     6.943373638E-07     1.678741895E-12     1.985912340E-09     7.902365452E-01
     7.023855061E-07     1.656178064E-12     1.988187504E-09     7.890294902E-01
     7.105269353E-07     1.669575215E-12     1.980197106E-09     7.882551134E-01
     7.187627328E-07     1.791971740E-12     1.983730085E-09     7.869448938E-01
     7.270939923E-07     1.715181877E-12     1.987151866E-09     7.894127186E-01
     7.355218203E-07     1.857871248E-12     1.989450613E-09     7.881315860E-01
     7.440473363E-07     1.859373355E-12     1.982210322E-09     7.873166336E-01
     7.526716725E-07     1.876959299E-12     1.984993441E-09     7.859807318E-01
     7.613959743E-07     1.902428283E-12     1.989338010E-09     7.884450930E-01
     7.702214005E-07     2.022904172E-12     1.991160480E-09     7.872268646E-01
     7.791491232E-07     2.036942538E-12     1.982259069E-09     7.862163118E-01
     7.881803281E-07     2.112390032E-12     1.988526986E-09     7.865210829E-01
     7.973162147E-07     2.133303296E-12     1.990165396E-09     7.865517131E-01
     8.065579964E-07     2.258569198E-12     1.993333822E-09     7.880191583E-01
     8.159069007E-07     2.289209488E-12     1.983257796E-09     7.865817875E-01
     8.253641691E-07     2.318054358E-12     1.993205980E-09     7.850681595E-01
     8.349310579E-07     2.417456663E-12     1.992152090E-09     7.867964091E-01
     8.446088374E-07     2.577408626E-12     1.991296776E-09     7.876754461E-01
     8.543987933E-07     2.588739965E-12     1.985007001E-09     7.852825639E-01
     8.643022256E-07     2.719286144E-12     1.995277506E-09     7.836532243E-01
     8.743204496E-07     2.664617474E-12     1.992988268E-09     7.860788311E-01
     8.844547961E-07     2.746324488E-12     1.993069868E-09     7.865987441E-01
     8.947066109E-07     2.954906631E-12     1.984492744E-09     7.844319220E-01
     9.050772556E-07     3.031150674E-12     1.997964263E-09     7.824414737E-01
     9.155681077E-07     3.060503864E-12     1.995439790E-09     7.831436756E-01
     9.261805604E-07     3.235185753E-12     1.995814483E-09     7.851686510E-01
     9.369160232E-07     3.223251794E-12     1.984926066E-09     7.835039470E-01
     9.477759219E-07     3.706346734E-12     1.999967113E-09     7.810591362E-01
     9.587616990E-07     3.756212213E-12     1.998712235E-09     7.823300065E-01
     9.698748135E-07     3.655554161E-12     1.996026506E-09     7.841019916E-01
     9.811167413E-07     3.855841771E-12     1.987169334E-09     7.821292129E-01
     9.924889755E-07     3.966831820E-12     2.000198581E-09     7.803597048E-01
     1.003993027E-06     3.898073070E-12     1.998890046E-09     7.825285472E-01
     1.015630422E-06     4.108363017E-12     1.996938809E-09     7.834307671E-01
     1.027402709E-06     4.319500737E-12     1.989384740E-09     7.806172285E-01
     1.039311449E-06     4.417425298E-12     2.001625224E-09     7.788598590E-01
     1.051358224E-06     4.849729779E-12     2.004325848E-09     7.805765643E-01
     1.063544636E-06     5.126039630E-12     1.998524381E-09     7.822164855E-01
     1.075872301E-06     4.991849567E-12     1.993078498E-09     7.800267950E-01
     1.088342857E-06     5.381621860E-12     2.003892481E-09     7.780573531E-01
     1.100957962E-06     5.491772333E-12     2.005307672E-09     7.787372166E-01
     1.113719289E-06     5.706035840E-12     1.998404353E-09     7.808806484E-01
     1.126628534E-06     6.256289956E-12     1.997355063E-09     7.779873443E-01
     1.139687412E-06     6.360769019E-12     2.007155272E-09     7.761509260E-01
     1.152897657E-06     6.433492275E-12     2.008715965E-09     7.764411271E-01
     1.166261023E-06     6.647901364E-12     2.000528681E-09     7.794898111E-01
     1.179779285E-06     7.037114182E-12     1.999545172E-09     7.771680246E-01
     1.193454239E-06     6.946046608E-12     2.008998105E-09     7.748069483E-01
     1.207287701E-06     7.592989489E-12     2.010691279E-09     7.744043884E-01
     1.221281508E-06     7.493508976E-12     1.999249304E-09     7.788082457E-01
     1.235437519E-06     7.894665074E-12     1.999968725E-09     7.771906756E-01
     1.249757614E-06     8.148424727E-12     2.009915819E-09     7.733393674E-01
     1.264243695E-06     8.286476983E-12     2.010757223E-09     7.729829387E-01
     1.278897686E-06     8.682655682E-12     1.999925807E-09     7.774040480E-01
     1.293721532E-06     8.824915840E-12     1.999573781E-09     7.766885506E-01
     1.308717204E-06     9.166475357E-12     2.011913275E-09     7.715691259E-01
     1.323886692E-06     9.374049169E-12     2.012194494E-09     7.718903785E-01
     1.339232011E-06     9.794512975E-12     2.001706388E-09     7.754306318E-01
     1.354755200E-06     1.011016307E-11     2.000312210E-09     7.753816830E-01
     1.370458319E-06     1.073222306E-11     2.013226544E-09     7.702862604E-01
     1.386343455E-06     1.094901556E-11     2.013908983E-09     7.705678751E-01
     1.402412718E-06     1.136417162E-11     2.003545049E-09     7.736378635E-01
     1.418668241E-06     1.178823083E-11     2.001003212E-09     7.743433448E-01
     1.435112184E-06     1.215968580E-11     2.013420332E-09     7.688892933E-01
     1.451746730E-06     1.259620391E-11     2.015051708E-09     7.693494540E-01
     1.468574089E-06     1.354880506E-11     2.004616608E-09     7.715619975E-01
     1.485596497E-06     1.334878771E-11     2.001496269E-09     7.732610912E-01
     1.502816212E-06     1.424276771E-11     2.014426352E-09     7.671095083E-01
     1.520235524E-06     1.504268634E-11     2.015986225E-09     7.681305209E-01
     1.537856744E-06     1.526956379E-11     2.004311722E-09     7.702018057E-01
     1.555682214E-06     1.542265414E-11     2.001862673E-09     7.720500902E-01
     1.573714301E-06     1.645777359E-11     2.015291209E-09     7.655934409E-01
     1.591955400E-06     1.718454355E-11     2.014957246E-09     7.671132922E-01
     1.610407934E-06     1.785121988E-11     2.004508157E-09     7.689051887E-01
     1.629074353E-06     1.817187339E-11     2.002477724E-09     7.706804919E-01
     1.647957137E-06     1.909396421E-11     2.015431001E-09     7.642453221E-01
     1.667058793E-06     2.039877712E-11     2.014205945E-09     7.658289358E-01
     1.686381859E-06     2.081206143E-11     2.004154973E-09     7.672576186E-01
     1.705928900E-06     2.143971586E-11     2.004534010E-09     7.691686120E-01
     1.725702513E-06     2.202435650E-11     2.015199983E-09     7.626967506E-01
     1.745705325E-06     2.401756625E-11     2.013398895E-09     7.646599130E-01
     1.765939991E-06     2.422151125E-11     2.004858345E-09     7.654408477E-01
     1.786409200E-06     2.506254132E-11     2.004246202E-09     7.676981788E-01
     1.807115669E-06     2.593348337E-11     2.015205774E-09     7.610091377E-01
     1.828062150E-06     2.736710694E-11     2.011528587E-09     7.634187253E-01
     1.849251423E-06     2.838446739E-11     2.004691585E-09     7.636057364E-01
     1.870686304E-06     2.915731925E-11     2.004607177E-09     7.662929236E-01
     1.892369639E-06     2.984128675E-11     2.015112188E-09     7.592233319E-01
     1.914304308E-06     3.133302495E-11     2.009182086E-09     7.623345986E-01
     1.936493224E-06     3.370286955E-11     2.004360319E-09     7.619647113E-01
     1.958939334E-06     3.442742789E-11     2.002395831E-09     7.649617179E-01
     1.981645620E-06     3.609941220E-11     2.013608106E-09     7.573993318E-01
     2.004615097E-06     3.734293218E-11     2.006528479E-09     7.613224512E-01
     2.027850815E-06     3.949141134E-11     2.001400879E-09     7.605433721E-01
     2.051355861E-06     4.056971435E-11     1.999901616E-09     7.635152572E-01
     2.075133357E-06     4.239411715E-11     2.013067739E-09     7.555897375E-01
     2.099186461E-06     4.287416699E-11     2.003450902E-09     7.600833076E-01
     2.123518367E-06     4.492509214E-11     1.998619627E-09     7.589568368E-01
     2.148132307E-06     4.632289599E-11     1.998303927E-09     7.621578370E-01
     2.173031549E-06     4.924736282E-11     2.011185034E-09     7.539550950E-01
     2.198219402E-06     5.048077675E-11     1.998768201E-09     7.587682816E-01
     2.223699210E-06     5.335855855E-11     1.995032529E-09     7.574687987E-01
     2.249474357E-06     5.500343792E-11     1.993688744E-09     7.610531077E-01
     2.275548266E-06     5.863784149E-11     2.004655433E-09     7.528330596E-01
     2.301924402E-06     5.956445107E-11     1.992855358E-09     7.575439429E-01
     2.328606266E-06     6.199664987E-11     1.991602290E-09     7.560591280E-01
     2.355597402E-06     6.281603577E-11     1.989932555E-09     7.597126485E-01
     2.382901396E-06     6.547609636E-11     1.999073650E-09     7.515266402E-01
     2.410521874E-06     6.614941723E-11     1.989937652E-09     7.560775274E-01
     2.438462503E-06     6.832995148E-11     1.990050189E-09     7.544815448E-01
     2.466726996E-06     6.903250816E-11     1.986787737E-09     7.581937757E-01
     2.495319105E-06     7.193177463E-11     1.994333736E-09     7.501024741E-01
     2.524242629E-06     7.326774927E-11     1.987459955E-09     7.545443395E-01
     2.553501409E-06     7.557814293E-11     1.987433310E-09     7.529721629E-01
     2.583099330E-06     7.623284179E-11     1.982515895E-09     7.566593125E-01
     2.613040324E-06     8.000924344E-11     1.988778024E-09     7.486809686E-01
     2.643328368E-06     8.322948433E-11     1.982275804E-09     7.531875506E-01
     2.673967484E-06     8.796874862E-11     1.979655657E-09     7.519077040E-01
     2.704961741E-06     9.096341226E-11     1.971706033E-09     7.555887120E-01
     2.736315256E-06     9.659788643E-11     1.975258062E-09     7.479648023E-01
     2.768032193E-06     1.004667225E-10     1.970048361E-09     7.524326218E-01
     2.800116765E-06     1.045184332E-10     1.967698237E-09     7.511963106E-01
     2.832573233E-06     1.076486165E-10     1.959786653E-09     7.545212052E-01
     2.865405907E-06     1.130190328E-10     1.962345015E-09     7.471423987E-01
     2.898619148E-06     1.165053909E-10     1.958688526E-09     7.515252280E-01
     2.932217368E-06     1.194479360E-10     1.957654225E-09     7.502316996E-01
     2.966205029E-06     1.224210963E-10     1.950548145E-09     7.531669984E-01
     3.000586644E-06     1.270333565E-10     1.952218574E-09     7.459146323E-01
     3.035366781E-06     1.300584770E-10     1.948995776E-09     7.501981506E-01
     3.070550058E-06     1.327812776E-10     1.949507516E-09     7.489656251E-01
     3.106141148E-06     1.353572172E-10     1.943231172E-09     7.516223565E-01
     3.142144778E-06     1.400003847E-10     1.944088666E-09     7.443510735E-01
     3.178565731E-06     1.427588274E-10     1.939872076E-09     7.486660925E-01
     3.215408843E-06     1.453530376E-10     1.941294416E-09     7.475675046E-01
     3.252679008E-06     1.481801740E-10     1.935840436E-09     7.499687451E-01
     3.290381176E-06     1.544697687E-10     1.935318870E-09     7.429392050E-01
     3.328520353E-06     1.591091777E-10     1.928119416E-09     7.474751350E-01
     3.367101606E-06     1.637680292E-10     1.927075778E-09     7.466934420E-01
     3.406130059E-06     1.676168408E-10     1.920801190E-09     7.488365366E-01
     3.445610894E-06     1.742734436E-10     1.920882775E-09     7.420080075E-01
     3.485549357E-06     1.786477527E-10     1.914415588E-09     7.465410009E-01
     3.525950751E-06     1.839093370E-10     1.912548458E-09     7.459760801E-01
     3.566820441E-06     1.892125939E-10     1.903939458E-09     7.478332640E-01
     3.608163857E-06     1.976033924E-10     1.901608420E-09     7.413731930E-01
     3.649986490E-06     2.037131097E-10     1.894184451E-09     7.460649344E-01
     3.692293893E-06     2.097981159E-10     1.893034098E-09     7.458058456E-01
     3.735091686E-06     2.145841431E-10     1.884925184E-09     7.471657814E-01
     3.778385552E-06     2.225605386E-10     1.881785069E-09     7.408483523E-01
     3.822181243E-06     2.283379970E-10     1.873758484E-09     7.454660651E-01
     3.866484575E-06     2.340955142E-10     1.873483479E-09     7.454136132E-01
     3.911301432E-06     2.381527919E-10     1.867305851E-09     7.462765212E-01
     3.956637766E-06     2.457629187E-10     1.865101401E-09     7.401579029E-01
     4.002499598E-06     2.512042352E-10     1.856937194E-09     7.447192590E-01
     4.048893020E-06     2.566850293E-10     1.856453710E-09     7.448201226E-01
     4.095824193E-06     2.602009255E-10     1.850393437E-09     7.451685800E-01
     4.143299351E-06     2.673876517E-10     1.848106095E-09     7.393152248E-01
     4.191324799E-06     2.725116974E-10     1.841010176E-09     7.438091302E-01
     4.239906915E-06     2.777560935E-10     1.842054038E-09     7.440384219E-01
     4.289052152E-06     2.807950140E-10     1.837239154E-09     7.438881016E-01
     4.338767037E-06     2.876291923E-10     1.833844473E-09     7.383385515E-01
     4.389058172E-06     2.929187696E-10     1.825313084E-09     7.428579754E-01
     4.439932238E-06     2.995068180E-10     1.825080157E-09     7.433172876E-01
     4.491395991E-06     3.040854302E-10     1.820129583E-09     7.428142684E-01
     4.543456266E-06     3.123744083E-10     1.815295714E-09     7.378933353E-01
     4.596119978E-06     3.184325495E-10     1.806393244E-09     7.424773452E-01
     4.649394120E-06     3.253188752E-10     1.806026647E-09     7.430193190E-01
     4.703285769E-06     3.294468207E-10     1.801696770E-09     7.419551422E-01
     4.757802082E-06     3.374293664E-10     1.795891324E-09     7.372845634E-01
     4.812950300E-06     3.428622327E-10     1.786814686E-09     7.416481503E-01
     4.868737747E-06     3.495955708E-10     1.787126299E-09     7.423878367E-01
     4.925171833E-06     3.536485032E-10     1.784684416E-09     7.409653987E-01
     4.982260052E-06     3.617713501E-10     1.779278799E-09     7.365475344E-01
     5.040009988E-06     3.678354842E-10     1.769125737E-09     7.408560232E-01
     5.098429309E-06     3.767375960E-10     1.766705191E-09     7.420313818E-01
     5.157525775E-06     3.831489413E-10     1.762102308E-09     7.405390564E-01
     5.217307235E-06     3.930781784E-10     1.754036963E-09     7.365993061E-01
     5.277781629E-06     3.991528176E-10     1.743295058E-09     7.407131943E-01
     5.338956988E-06     4.074331064E-10     1.741923860E-09     7.420095356E-01
     5.400841438E-06     4.136886841E-10     1.739447067E-09     7.402382178E-01
     5.463443197E-06     4.230734355E-10     1.732368115E-09     7.365297935E-01
     5.526770580E-06     4.279788113E-10     1.722433293E-09     7.403047837E-01
     5.590831998E-06     4.355950878E-10     1.721095956E-09     7.416727007E-01
     5.655635959E-06     4.417618014E-10     1.718967240E-09     7.396870772E-01
     5.721191070E-06     4.505774257E-10     1.711519086E-09     7.361700292E-01
     5.787506038E-06     4.544547665E-10     1.701900912E-09     7.395850873E-01
     5.854589670E-06     4.615656357E-10     1.701201364E-09     7.409984418E-01
     5.922450876E-06     4.677770134E-10     1.700701450E-09     7.388840840E-01
     5.991098669E-06     4.760739762E-10     1.694408220E-09     7.355509203E-01
     6.060542166E-06     4.788571168E-10     1.685918429E-09     7.386186554E-01
     6.130790590E-06     4.853254377E-10     1.685729824E-09     7.400349941E-01
     6.201853272E-06     4.915249215E-10     1.685802221E-09     7.378143935E-01
     6.273739649E-06     4.991245534E-10     1.679474957E-09     7.345993736E-01
     6.346459269E-06     5.007284881E-10     1.671078808E-09     7.372938528E-01
     6.420021791E-06     5.065966384E-10     1.670876639E-09     7.386891438E-01
     6.494436984E-06     5.131255781E-10     1.671550331E-09     7.364496205E-01
     6.569714732E-06     5.204166366E-10     1.665938750E-09     7.333904958E-01
     6.645865033E-06     5.211615032E-10     1.658673364E-09     7.357657018E-01
     6.722898000E-06     5.266440723E-10     1.659324013E-09     7.371492543E-01
     6.800823865E-06     5.336080807E-10     1.660834498E-09     7.349429754E-01
     6.879652978E-06     5.410665070E-10     1.654984377E-09     7.321269534E-01
     6.959395808E-06     5.423112223E-10     1.646552014E-09     7.343833905E-01
     7.040062946E-06     5.487827258E-10     1.645554361E-09     7.358567986E-01
     7.121665105E-06     5.571233316E-10     1.645819354E-09     7.338211090E-01
     7.204213125E-06     5.647536308E-10     1.639032663E-09     7.312926338E-01
     7.287717968E-06     5.653276383E-10     1.631075928E-09     7.332298300E-01
     7.372190724E-06     5.713548961E-10     1.630693989E-09     7.345816762E-01
     7.457642614E-06     5.797948140E-10     1.631820070E-09     7.326043052E-01
     7.544084987E-06     5.870557177E-10     1.625951517E-09     7.302499535E-01
     7.631529323E-06     5.869282465E-10     1.619317898E-09     7.318855409E-01
     7.719987235E-06     5.925401699E-10     1.619524994E-09     7.331141819E-01
     7.809470474E-06     6.024052664E-10     1.619798881E-09     7.313783405E-01
     7.899990922E-06     6.103185914E-10     1.612955231E-09     7.293517667E-01
     7.991560604E-06     6.108429996E-10     1.605317856E-09     7.308478386E-01
     8.084191680E-06     6.172259538E-10     1.604092276E-09     7.320793689E-01
     8.177896453E-06     6.270566636E-10     1.604072247E-09     7.304515140E-01
     8.272687368E-06     6.344796070E-10     1.597463125E-09     7.285624121E-01
     8.368577016E-06     6.341220102E-10     1.590840025E-09     7.297132169E-01
     8.465578131E-06     6.385692775E-10     1.591576452E-09     7.305648098E-01
     8.563703597E-06     6.447700569E-10     1.595886744E-09     7.285068390E-01
     8.662966447E-06     6.481698828E-10     1.593809493E-09     7.261883085E-01
     8.763379863E-06     6.442741210E-10     1.591457292E-09     7.266615725E-01
     8.864957182E-06     6.464442356E-10     1.594778864E-09     7.271150555E-01
     8.967711896E-06     6.530067248E-10     1.599421905E-09     7.251292898E-01
     9.071657651E-06     6.562216787E-10     1.597482633E-09     7.229111347E-01
     9.176808253E-06     6.526546667E-10     1.594692789E-09     7.232990320E-01
     9.283177667E-06     6.560932849E-10     1.596333917E-09     7.238478548E-01
     9.390780021E-06     6.650160295E-10     1.598286804E-09     7.222537177E-01
     9.499629606E-06     6.701567949E-10     1.593994522E-09     7.204486965E-01
     9.609740879E-06     6.682926219E-10     1.589369754E-09     7.208916796E-01
     9.721128464E-06     6.722904860E-10     1.590087619E-09     7.214128894E-01
     9.833807155E-06     6.811817718E-10     1.591983473E-09     7.199220718E-01
     9.947791918E-06     6.861045968E-10     1.588382707E-09     7.182019688E-01
     1.006309789E-05     6.841018685E-10     1.584627377E-09     7.184310140E-01
     1.017974039E-05     6.870697030E-10     1.586627572E-09     7.187274121E-01
     1.029773490E-05     6.942775424E-10     1.590728205E-09     7.170978978E-01
     1.041709710E-05     6.973859676E-10     1.589637054E-09     7.152273003E-01
     1.053784284E-05     6.939574048E-10     1.588060188E-09     7.151127623E-01
     1.065998816E-05     6.959418487E-10     1.591182143E-09     7.151904659E-01
     1.078354928E-05     7.032331666E-10     1.595327718E-09     7.136371120E-01
     1.090854261E-05     7.061768484E-10     1.594293757E-09     7.118512313E-01
     1.103498475E-05     7.028750688E-10     1.592695537E-09     7.116299595E-01
     1.116289250E-05     7.035220785E-10     1.596750949E-09     7.113958970E-01
     1.129228284E-05     7.079200922E-10     1.603346250E-09     7.094621258E-01
     1.142317296E-05     7.080122658E-10     1.604976143E-09     7.072839870E-01
     1.155558024E-05     7.018217620E-10     1.605929114E-09     7.065589713E-01
     1.168952226E-05     7.011221799E-10     1.611281945E-09     7.060282882E-01
     1.182501683E-05     7.055065791E-10     1.617845058E-09     7.041243059E-01
     1.196208192E-05     7.056618851E-10     1.619685277E-09     7.020015775E-01
     1.210073576E-05     7.045899532E-10     1.615894219E-09     7.019791976E-01
     1.224099674E-05     7.113679074E-10     1.614087062E-09     7.024838065E-01
     1.238288351E-05     7.234747875E-10     1.613109093E-09     7.018316044E-01
     1.252641490E-05     7.310387216E-10     1.608030323E-09     7.009933110E-01
     1.267160999E-05     7.331016022E-10     1.602735799E-09     7.012241382E-01
     1.281848804E-05     7.398135397E-10     1.601211362E-09     7.015971690E-01
     1.296706857E-05     7.508721916E-10     1.600698266E-09     7.010056492E-01
     1.311737132E-05     7.523197607E-10     1.602596766E-09     6.993018065E-01
     1.326941624E-05     7.476422981E-10     1.604888102E-09     6.983120961E-01
     1.342322353E-05     7.471284109E-10     1.610491545E-09     6.974988129E-01
     1.357881363E-05     7.511352507E-10     1.616984220E-09     6.958495154E-01
     1.373620718E-05     7.512915528E-10     1.619987628E-09     6.939949911E-01
     1.389542510E-05     7.466605088E-10     1.622230980E-09     6.929415438E-01
     1.405648853E-05     7.462514349E-10     1.627413864E-09     6.920700968E-01
     1.421941886E-05     7.500473026E-10     1.633558597E-09     6.904403847E-01
     1.438423774E-05     7.502765488E-10     1.636421960E-09     6.886220932E-01
     1.455096706E-05     7.455419101E-10     1.638779870E-09     6.874731664E-01
     1.471962895E-05     7.419592889E-10     1.646850440E-09     6.861039448E-01
     1.489024582E-05     7.422440941E-10     1.656716524E-09     6.839687155E-01
     1.506284033E-05     7.389615743E-10     1.663418341E-09     6.816408196E-01
     1.523743540E-05     7.307666054E-10     1.669275252E-09     6.800080885E-01
     1.541405423E-05     7.266280978E-10     1.678410274E-09     6.785548040E-01
     1.559272026E-05     7.269276566E-10     1.689080933E-09     6.764174881E-01
     1.577345723E-05     7.235070969E-10     1.696387974E-09     6.741286832E-01
     1.595628914E-05     7.168411115E-10     1.701260638E-09     6.727361789E-01
     1.614124028E-05     7.151628743E-10     1.708769350E-09     6.715876247E-01
     1.632833521E-05     7.176786881E-10     1.717845767E-09     6.697885914E-01
     1.651759878E-05     7.162861111E-10     1.723708235E-09     6.678441702E-01
     1.670905612E-05     7.105929897E-10     1.728498502E-09     6.665256724E-01
     1.690273266E-05     7.089965731E-10     1.736418952E-09     6.653337225E-01
     1.709865413E-05     7.111845521E-10     1.745954169E-09     6.635466359E-01
     1.729684655E-05     7.097841228E-10     1.752260717E-09     6.616312575E-01
     1.749733624E-05     7.044430340E-10     1.757189572E-09     6.602785824E-01
     1.770014983E-05     7.027644932E-10     1.765040432E-09     6.590324912E-01
     1.790531425E-05     7.046243373E-10     1.774563203E-09     6.572480439E-01
     1.811285676E-05     7.033045608E-10     1.780833198E-09     6.553480204E-01
     1.832280491E-05     6.983077805E-10     1.785446380E-09     6.539513411E-01
     1.853518660E-05     6.964824800E-10     1.792850931E-09     6.526479898E-01
     1.875003003E-05     6.975164274E-10     1.802629597E-09     6.507941315E-01
     1.896736373E-05     6.950251191E-10     1.810050997E-09     6.487377660E-01
     1.918721657E-05     6.886652878E-10     1.815950445E-09     6.470963226E-01
     1.940961775E-05     6.850159414E-10     1.824652146E-09     6.455470321E-01
     1.963459681E-05     6.846717810E-10     1.835521564E-09     6.435515634E-01
     1.986218363E-05     6.818876310E-10     1.843375604E-09     6.414527448E-01
     2.009240843E-05     6.757018756E-10     1.849207406E-09     6.397725256E-01
     2.032530179E-05     6.718406887E-10     1.857929606E-09     6.381767803E-01
     2.056089464E-05     6.712048534E-10     1.869128350E-09     6.361744055E-01
     2.079921828E-05     6.684451313E-10     1.877492442E-09     6.340814647E-01
     2.104030435E-05     6.625410430E-10     1.883749598E-09     6.323687187E-01
     2.128418488E-05     6.585683939E-10     1.892933713E-09     6.307254598E-01
     2.153089226E-05     6.575871554E-10     1.904847766E-09     6.287083102E-01
     2.178045925E-05     6.546655346E-10     1.914155745E-09     6.266151901E-01
     2.203291899E-05     6.490747164E-10     1.921321997E-09     6.248699561E-01
     2.228830503E-05     6.451500928E-10     1.931292113E-09     6.231784620E-01
     2.254665127E-05     6.422208491E-10     1.945760490E-09     6.209709780E-01
     2.280799204E-05     6.364827204E-10     1.958639361E-09     6.186161387E-01
     2.307236203E-05     6.284525117E-10     1.969517422E-09     6.165834774E-01
     2.333979637E-05     6.222216259E-10     1.983072657E-09     6.146006624E-01
     2.361033057E-05     6.181730837E-10     1.999423068E-09     6.122789097E-01
     2.388400056E-05     6.117570138E-10     2.013233923E-09     6.098952159E-01
     2.416084269E-05     6.031905125E-10     2.024981185E-09     6.078360889E-01
     2.444089373E-05     5.987353376E-10     2.037932483E-09     6.059524213E-01
     2.472419087E-05     6.000409794E-10     2.049141777E-09     6.040882252E-01
     2.501077175E-05     5.993033398E-10     2.056618800E-09     6.022248809E-01
     2.530067441E-05     5.963813917E-10     2.062089940E-09     6.006409886E-01
     2.559393736E-05     5.962225003E-10     2.070323026E-09     5.990803979E-01
     2.589059956E-05     5.985303675E-10     2.080559403E-09     5.972244348E-01
     2.619070041E-05     5.978689226E-10     2.087599765E-09     5.952957635E-01
     2.649427976E-05     5.948888653E-10     2.092646428E-09     5.935783866E-01
     2.680137793E-05     5.937123424E-10     2.100833133E-09     5.918321850E-01
     2.711203571E-05     5.870206477E-10     2.119707654E-09     5.891843879E-01
     2.742629436E-05     5.780179037E-10     2.136138641E-09     5.864489759E-01
     2.774419561E-05     5.663581665E-10     2.150065800E-09     5.839213228E-01
     2.806578170E-05     5.567404483E-10     2.166383073E-09     5.814302168E-01
     2.839109532E-05     5.495116606E-10     2.185187736E-09     5.787047632E-01
     2.872017969E-05     5.394652524E-10     2.201111637E-09     5.759192614E-01
     2.905307852E-05     5.280902855E-10     2.214029271E-09     5.733947812E-01
     2.938983601E-05     5.220668153E-10     2.226668708E-09     5.710910268E-01
     2.973049690E-05     5.179991702E-10     2.241162251E-09     5.685735773E-01
     3.007510643E-05     5.113618979E-10     2.252274769E-09     5.660055636E-01
     3.042371036E-05     5.026699500E-10     2.261129704E-09     5.636173995E-01
     3.077635500E-05     4.960169702E-10     2.272888914E-09     5.612475358E-01
     3.113308719E-05     4.918780858E-10     2.287506257E-09     5.586633738E-01
     3.149395429E-05     4.855154392E-10     2.298819636E-09     5.560214392E-01
     3.185900425E-05     4.766916080E-10     2.307102662E-09     5.535618505E-01
     3.222828555E-05     4.704883883E-10     2.318036018E-09     5.511278594E-01
     3.260184722E-05     4.668672229E-10     2.331692996E-09     5.484937335E-01
     3.297973889E-05     4.602196273E-10     2.341937042E-09     5.458186387E-01
     3.336201074E-05     4.512651208E-10     2.350106888E-09     5.432956489E-01
     3.374871355E-05     4.453622597E-10     2.361980492E-09     5.407596935E-01
     3.413989868E-05     4.414646448E-10     2.376049763E-09     5.380493178E-01
     3.453561808E-05     4.354149881E-10     2.385236649E-09     5.353734766E-01
     3.493592430E-05     4.291109380E-10     2.391508901E-09     5.328655803E-01
     3.534087052E-05     4.256255227E-10     2.400489729E-09     5.303584268E-01
     3.575051052E-05     4.233160416E-10     2.411311217E-09     5.277133403E-01
     3.616489870E-05     4.183266560E-10     2.419315471E-09     5.250410676E-01
     3.658409010E-05     4.126663503E-10     2.426400556E-09     5.224339573E-01
     3.700814039E-05     4.089164203E-10     2.435814087E-09     5.198154541E-01
     3.743710590E-05     4.061688729E-10     2.446458270E-09     5.171044104E-01
     3.787104360E-05     3.996651791E-10     2.457389843E-09     5.142270353E-01
     3.831001111E-05     3.905717860E-10     2.468980130E-09     5.112935567E-01
     3.875406675E-05     3.818584445E-10     2.482926811E-09     5.083368132E-01
     3.920326949E-05     3.738062309E-10     2.498397292E-09     5.053134121E-01
     3.965767898E-05     3.645445638E-10     2.512483655E-09     5.022413033E-01
     4.011735559E-05     3.546187505E-10     2.525389988E-09     4.991899754E-01
     4.058236036E-05     3.453724814E-10     2.539248193E-09     4.961630996E-01
     4.105275505E-05     3.380060098E-10     2.553586613E-09     4.931361443E-01
     4.152860215E-05     3.315437261E-10     2.565496434E-09     4.900809953E-01
     4.200996483E-05     3.244793416E-10     2.575071633E-09     4.870307363E-01
     4.249690705E-05     3.174956971E-10     2.584698079E-09     4.840145464E-01
     4.298949347E-05     3.111647279E-10     2.595601908E-09     4.809751563E-01
     4.348778951E-05     3.046275318E-10     2.605848286E-09     4.778656994E-01
     4.399186136E-05     2.973756735E-10     2.614444387E-09     4.747401285E-01
     4.450177596E-05     2.901433493E-10     2.622628582E-09     4.716425176E-01
     4.501760104E-05     2.843989439E-10     2.630715060E-09     4.685722573E-01
     4.553940511E-05     2.794708169E-10     2.638467867E-09     4.654373883E-01
     4.606725746E-05     2.743789726E-10     2.644529918E-09     4.622288354E-01
     4.660122821E-05     2.689218111E-10     2.649189486E-09     4.590105045E-01
     4.714138828E-05     2.636529181E-10     2.653865980E-09     4.557937759E-01
     4.768780940E-05     2.586410694E-10     2.658185831E-09     4.525300629E-01
     4.824056415E-05     2.535893935E-10     2.660729801E-09     4.492249438E-01
     4.879972595E-05     2.488096154E-10     2.661381277E-09     4.459396070E-01
     4.936536905E-05     2.449253342E-10     2.660997837E-09     4.426832112E-01
     4.993756858E-05     2.412496558E-10     2.660095833E-09     4.393936247E-01
     5.051640054E-05     2.376685628E-10     2.658323946E-09     4.360668093E-01
     5.110194181E-05     2.343136289E-10     2.656247516E-09     4.327044417E-01
     5.169427015E-05     2.311952770E-10     2.653653135E-09     4.292895197E-01
     5.229346424E-05     2.280224890E-10     2.649514848E-09     4.258202587E-01
     5.289960365E-05     2.244712690E-10     2.644017966E-09     4.223155912E-01
     5.351276889E-05     2.205875710E-10     2.638297910E-09     4.187829826E-01
     5.413304140E-05     2.165433321E-10     2.632339384E-09     4.152121260E-01
     5.476050356E-05     2.123775182E-10     2.624981642E-09     4.116079212E-01
     5.539523870E-05     2.079851170E-10     2.616166531E-09     4.079907967E-01
     5.603733113E-05     2.035940465E-10     2.606809977E-09     4.043728703E-01
     5.668686612E-05     1.994172399E-10     2.597342657E-09     4.007425282E-01
     5.734392995E-05     1.954527903E-10     2.587407419E-09     3.970857334E-01
     5.800860988E-05     1.930360616E-10     2.574818366E-09     3.934407355E-01
     5.868099418E-05     1.918411021E-10     2.559913805E-09     3.898011724E-01
     5.936117217E-05     1.909158237E-10     2.543830445E-09     3.861408800E-01
     6.004923418E-05     1.899821578E-10     2.526625142E-09     3.824547213E-01
     6.074527159E-05     1.889832846E-10     2.508247731E-09     3.787472483E-01
     6.144937685E-05     1.879228097E-10     2.488896367E-09     3.750228963E-01
     6.216164348E-05     1.868106303E-10     2.468672544E-09     3.712825459E-01
     6.288216606E-05     1.851376320E-10     2.448088460E-09     3.675146061E-01
     6.361104031E-05     1.817860070E-10     2.428562353E-09     3.636952809E-01
     6.434836301E-05     1.778359185E-10     2.409101445E-09     3.598572774E-01
     6.509423211E-05     1.739482602E-10     2.389324293E-09     3.560162674E-01
     6.584874666E-05     1.701861547E-10     2.369352071E-09     3.521695777E-01
     6.661200687E-05     1.665663355E-10     2.349098815E-09     3.483146118E-01
     6.738411412E-05     1.630710741E-10     2.328372065E-09     3.444504147E-01
     6.816517095E-05     1.596678265E-10     2.306986292E-09     3.405777301E-01
     6.895528109E-05     1.568957579E-10     2.284150705E-09     3.367121930E-01
     6.975454950E-05     1.545446289E-10     2.260071443E-09     3.328509429E-01
     7.056308231E-05     1.522727044E-10     2.235115859E-09     3.289877995E-01
     7.138098691E-05     1.499940088E-10     2.209350033E-09     3.251227444E-01
     7.220837194E-05     1.476942744E-10     2.182814907E-09     3.212574642E-01
     7.304534729E-05     1.453670164E-10     2.155589770E-09     3.173935959E-01
     7.389202410E-05     1.430079864E-10     2.127755842E-09     3.135325604E-01
     7.474851485E-05     1.407115491E-10     2.099314776E-09     3.096779363E-01
     7.561493327E-05     1.392459847E-10     2.069601932E-09     3.058480913E-01
     7.649139445E-05     1.378425035E-10     2.039769569E-09     3.020259508E-01
     7.737801479E-05     1.364677560E-10     2.010061848E-09     2.982103060E-01
     7.827491204E-05     1.351435947E-10     1.980530668E-09     2.944006387E-01
     7.918220533E-05     1.338789294E-10     1.951123925E-09     2.905962889E-01
     8.010001516E-05     1.326709435E-10     1.921739503E-09     2.867969752E-01
     8.102846342E-05     1.314600551E-10     1.892323072E-09     2.830019689E-01
     8.196767344E-05     1.301146090E-10     1.862908220E-09     2.792096854E-01
     8.291776994E-05     1.285284587E-10     1.833520517E-09     2.754195272E-01
     8.387887911E-05     1.269621023E-10     1.803828973E-09     2.716385958E-01
     8.485112861E-05     1.254054841E-10     1.773817534E-09     2.678683337E-01
     8.583464757E-05     1.238499607E-10     1.743490799E-09     2.641101513E-01
     8.682956660E-05     1.222882770E-10     1.712872011E-09     2.603653900E-01
     8.783601785E-05     1.207149180E-10     1.682004176E-09     2.566353213E-01
     8.885413499E-05     1.190650824E-10     1.651010514E-09     2.529199719E-01
     8.988405324E-05     1.173093365E-10     1.620000105E-09     2.492200102E-01
     9.092590939E-05     1.154996301E-10     1.589026488E-09     2.455375853E-01
     9.197984181E-05     1.136882270E-10     1.558163916E-09     2.418747108E-01
     9.304599048E-05     1.118854828E-10     1.527533011E-09     2.382324525E-01
     9.412449700E-05     1.101035718E-10     1.497238479E-09     2.346117425E-01
     9.521550460E-05     1.083539770E-10     1.467350874E-09     2.310133021E-01
     9.631915820E-05     1.066462982E-10     1.437896763E-09     2.274376135E-01
     9.743560438E-05     1.050706977E-10     1.408791682E-09     2.238864115E-01
     9.856499140E-05     1.035962009E-10     1.380023706E-09     2.203591235E-01
     9.970746928E-05     1.021616966E-10     1.351586068E-09     2.168546494E-01
     1.008631897E-04     1.007623409E-10     1.323418622E-09     2.133729368E-01
     1.020323063E-04     9.939227387E-11     1.295465477E-09     2.099140024E-01
     1.032149742E-04     9.804538100E-11     1.267679605E-09     2.064779735E-01
     1.044113506E-04     9.671579424E-11     1.240025075E-09     2.030651061E-01
     1.056215942E-04     9.535323788E-11     1.212511506E-09     1.996750546E-01
     1.068458660E-04     9.392624712E-11     1.185144443E-09     1.963079161E-01
     1.080843284E-04     9.248051979E-11     1.157884212E-09     1.929651163E-01
     1.093371460E-04     9.103788269E-11     1.130722445E-09     1.896477356E-01
     1.106044851E-04     8.959624559E-11     1.103679871E-09     1.863565137E-01
     1.118865141E-04     8.815445143E-11     1.076787108E-09     1.830922366E-01
     1.131834033E-04     8.671232966E-11     1.050083799E-09     1.798557260E-01
     1.144953248E-04     8.527074287E-11     1.023617319E-09     1.766478330E-01
     1.158224530E-04     8.383159998E-11     9.974408285E-10     1.734694357E-01
     1.171649640E-04     8.239780272E-11     9.716105322E-10     1.703214374E-01
     1.185230362E-04     8.097309534E-11     9.461821764E-10     1.672047644E-01
     1.198968501E-04     7.956180325E-11     9.212070541E-10     1.641203571E-01
     1.212865879E-04     7.816847474E-11     8.967280573E-10     1.610691551E-01
     1.226924344E-04     7.679747365E-11     8.727764680E-10     1.580520733E-01
     1.241145761E-04     7.545259221E-11     8.493700955E-10     1.550699721E-01
     1.255532021E-04     7.413675188E-11     8.265130524E-10     1.521236244E-01
     1.270085034E-04     7.285183439E-11     8.041970564E-10     1.492136856E-01
     1.284806732E-04     7.159865010E-11     7.824038190E-10     1.463406703E-01
     1.299699071E-04     7.037702048E-11     7.611079567E-10     1.435049406E-01
     1.314764029E-04     6.918593567E-11     7.402799072E-10     1.407067052E-01
     1.330003606E-04     6.802374664E-11     7.198884978E-10     1.379460288E-01
     1.345419827E-04     6.688835958E-11     6.999029884E-10     1.352228491E-01
     1.361014739E-04     6.577741178E-11     6.802945589E-10     1.325369977E-01
     1.376790414E-04     6.468841876E-11     6.610372999E-10     1.298882225E-01
     1.392748946E-04     6.361889054E-11     6.421088070E-10     1.272762095E-01
     1.408892455E-04     6.256641939E-11     6.234904829E-10     1.247006014E-01
     1.425223086E-04     6.152874406E-11     6.051676398E-10     1.221610148E-01
     1.441743007E-04     6.050379566E-11     5.871294739E-10     1.196570535E-01
     1.458454412E-04     5.948973009E-11     5.693689589E-10     1.171883198E-01
     1.475359521E-04     5.848495124E-11     5.518826890E-10     1.147544236E-01
     1.492460578E-04     5.748812753E-11     5.346706842E-10     1.123549899E-01
     1.509759856E-04     5.649820394E-11     5.177361600E-10     1.099896652E-01
     1.527259652E-04     5.551441021E-11     5.010852566E-10     1.076581227E-01
     1.544962290E-04     5.453626542E-11     4.847267176E-10     1.053600678E-01
     1.562870122E-04     5.356357826E-11     4.686715078E-10     1.030952424E-01
     1.580985525E-04     5.259644205E-11     4.529323640E-10     1.008634295E-01
     1.599310905E-04     5.163522333E-11     4.375232758E-10     9.866445701E-02
     1.617848697E-04     5.068054288E-11     4.224589042E-10     9.649820154E-02
     1.636601363E-04     4.973324841E-11     4.077539518E-10     9.436459142E-02
     1.655571393E-04     4.879437903E-11     3.934225125E-10     9.226360877E-02
     1.674761307E-04     4.786512201E-11     3.794774314E-10     9.019529064E-02
     1.694173653E-04     4.694676356E-11     3.659297154E-10     8.815972858E-02
     1.713811010E-04     4.604063616E-11     3.527880316E-10     8.615706667E-02
     1.733675986E-04     4.514806528E-11     3.400583266E-10     8.418749761E-02
     1.753771219E-04     4.427031882E-11     3.277435898E-10     8.225125677E-02
     1.774099378E-04     4.340856225E-11     3.158437720E-10     8.034861429E-02
     1.794663163E-04     4.256382184E-11     3.043558540E-10     7.847986518E-02
     1.815465305E-04     4.173695756E-11     2.932740488E-10     7.664531782E-02
     1.836508567E-04     4.092864641E-11     2.825901112E-10     7.484528127E-02
     1.857795744E-04     4.013937565E-11     2.722937219E-10     7.308005172E-02
     1.879329663E-04     3.936944511E-11     2.623729118E-10     7.134989906E-02
     1.901113184E-04     3.861897694E-11     2.528144967E-10     6.965505378E-02
     1.923149200E-04     3.788793089E-11     2.436044949E-10     6.799569513E-02
     1.945440638E-04     3.717612342E-11     2.347285085E-10     6.637194094E-02
     1.967990459E-04     3.648324886E-11     2.261720554E-10     6.478383950E-02
     1.990801658E-04     3.580890114E-11     2.179208455E-10     6.323136381E-02
     2.013877263E-04     3.515259498E-11     2.099609998E-10     6.171440827E-02
     2.037220340E-04     3.451378571E-11     2.022792135E-10     6.023278777E-02
     2.060833990E-04     3.389188721E-11     1.948628701E-10     5.878623900E-02
     2.084721348E-04     3.328628761E-11     1.877001112E-10     5.737442367E-02
     2.108885587E-04     3.269636269E-11     1.807798703E-10     5.599693340E-02
     2.133329917E-04     3.212148701E-11     1.740918771E-10     5.465329575E-02
     2.158057583E-04     3.156104293E-11     1.676266391E-10     5.334298115E-02
     2.183071871E-04     3.101442766E-11     1.613754062E-10     5.206541028E-02
     2.208376102E-04     3.048105859E-11     1.553301243E-10     5.081996168E-02
     2.233973637E-04     2.996037715E-11     1.494833807E-10     4.960597928E-02
     2.259867876E-04     2.945185146E-11     1.438283459E-10     4.842277959E-02
     2.286062258E-04     2.895497783E-11     1.383587142E-10     4.726965853E-02
     2.312560262E-04     2.846928153E-11     1.330686447E-10     4.614589767E-02
     2.339365408E-04     2.799431679E-11     1.279527051E-10     4.505076990E-02
     2.366481255E-04     2.752966637E-11     1.230058181E-10     4.398354440E-02
     2.393911405E-04     2.707494059E-11     1.182232129E-10     4.294349107E-02
     2.421659500E-04     2.662977623E-11     1.136003804E-10     4.192988425E-02
     2.449729228E-04     2.619383510E-11     1.091330329E-10     4.094200592E-02
     2.478124314E-04     2.576680253E-11     1.048170695E-10     3.997914833E-02
     2.506848531E-04     2.534838578E-11     1.006485447E-10     3.904061618E-02
     2.535905694E-04     2.493831245E-11     9.662364243E-11     3.812572831E-02
     2.565299661E-04     2.453632881E-11     9.273865360E-11     3.723381901E-02
     2.595034337E-04     2.414219830E-11     8.898995734E-11     3.636423906E-02
     2.625113672E-04     2.375569995E-11     8.537400592E-11     3.551635641E-02
     2.655541659E-04     2.337662700E-11     8.188731255E-11     3.468955663E-02
     2.686322340E-04     2.300478552E-11     7.852644190E-11     3.388324317E-02
     2.717459804E-04     2.263999316E-11     7.528800300E-11     3.309683744E-02
     2.748958185E-04     2.228207794E-11     7.216864422E-11     3.232977872E-02
     2.780821668E-04     2.193087724E-11     6.916504990E-11     3.158152399E-02
     2.813054484E-04     2.158623678E-11     6.627393852E-11     3.085154768E-02
     2.845660914E-04     2.124800973E-11     6.349206208E-11     3.013934124E-02
     2.878645289E-04     2.091605592E-11     6.081620641E-11     2.944441284E-02
     2.912011990E-04     2.059024112E-11     5.824319227E-11     2.876628685E-02
     2.945765448E-04     2.027043639E-11     5.576987707E-11     2.810450336E-02
     2.979910146E-04     1.995651752E-11     5.339315695E-11     2.745861772E-02
     3.014450619E-04     1.964836454E-11     5.110996922E-11     2.682820002E-02
     3.049391454E-04     1.934586125E-11     4.891729493E-11     2.621283456E-02
     3.084737293E-04     1.904889485E-11     4.681216152E-11     2.561211934E-02
     3.120492829E-04     1.875735560E-11     4.479164547E-11     2.502566555E-02
     3.156662811E-04     1.847113657E-11     4.285287486E-11     2.445309708E-02
     3.193252044E-04     1.819013333E-11     4.099303179E-11     2.389405002E-02
     3.230265387E-04     1.791424378E-11     3.920935468E-11     2.334817219E-02
     3.267707756E-04     1.764336797E-11     3.749914028E-11     2.281512265E-02
     3.305584123E-04     1.737740793E-11     3.585974552E-11     2.229457129E-02
     3.343899519E-04     1.711626757E-11     3.428858912E-11     2.178619839E-02
     3.382659034E-04     1.685985254E-11     3.278315291E-11     2.128969418E-02
     3.421867815E-04     1.660807016E-11     3.134098293E-11     2.080475846E-02
     3.461531068E-04     1.636082939E-11     2.995969027E-11     2.033110021E-02
     3.501654063E-04     1.611804069E-11     2.863695170E-11     1.986843726E-02
     3.542242129E-04     1.587961604E-11     2.737051002E-11     1.941649589E-02
     3.583300655E-04     1.564546888E-11     2.615817423E-11     1.897501053E-02
     3.624835095E-04     1.541551410E-11     2.499781949E-11     1.854372341E-02
     3.666850965E-04     1.518966797E-11     2.388738683E-11     1.812238432E-02
     3.709353846E-04     1.496784817E-11     2.282488279E-11     1.771075023E-02
     3.752349383E-04     1.474997378E-11     2.180837880E-11     1.730858512E-02
     3.795843286E-04     1.453596521E-11     2.083601042E-11     1.691565960E-02
     3.839841331E-04     1.432574427E-11     1.990597656E-11     1.653175078E-02
     3.884349363E-04     1.411923410E-11     1.901653838E-11     1.615664195E-02
     3.929373292E-04     1.391635920E-11     1.816601832E-11     1.579012237E-02
     3.974919099E-04     1.371704544E-11     1.735279885E-11     1.543198708E-02
     4.020992833E-04     1.352121998E-11     1.657532121E-11     1.508203668E-02
     4.067600612E-04     1.332881137E-11     1.583208417E-11     1.474007712E-02
     4.114748627E-04     1.313974947E-11     1.512164254E-11     1.440591952E-02
     4.162443140E-04     1.295396545E-11     1.444260588E-11     1.407938001E-02
     4.210690486E-04     1.277139182E-11     1.379363694E-11     1.376027956E-02
     4.259497071E-04     1.259196241E-11     1.317345025E-11     1.344844378E-02
     4.308869380E-04     1.241561233E-11     1.258081062E-11     1.314370282E-02
     4.358813969E-04     1.224227801E-11     1.201453163E-11     1.284589116E-02
     4.409337470E-04     1.207189716E-11     1.147347412E-11     1.255484754E-02
     4.460446596E-04     1.190440875E-11     1.095654470E-11     1.227041477E-02
     4.512148133E-04     1.173975303E-11     1.046269428E-11     1.199243963E-02
     4.564448948E-04     1.157787150E-11     9.990916533E-12     1.172077272E-02
     4.617355988E-04     1.141870690E-11     9.540246504E-12     1.145526840E-02
     4.670876280E-04     1.126220317E-11     9.109759122E-12     1.119578458E-02
     4.725016931E-04     1.110830548E-11     8.698567802E-12     1.094218271E-02
     4.779785132E-04     1.095696019E-11     8.305823051E-12     1.069432762E-02
     4.835188158E-04     1.080811483E-11     7.930711107E-12     1.045208746E-02
     4.891233367E-04     1.066171809E-11     7.572452609E-12     1.021533354E-02
     4.947928202E-04     1.051771980E-11     7.230301297E-12     9.983940307E-03
     5.005280193E-04     1.037607091E-11     6.903542746E-12     9.757785209E-03
     5.063296957E-04     1.023672348E-11     6.591493135E-12     9.536748660E-03
     5.121986201E-04     1.009963065E-11     6.293498047E-12     9.320713899E-03
     5.181355717E-04     9.964746627E-12     6.008931313E-12     9.109566951E-03
     5.241413393E-04     9.832026664E-12     5.737193878E-12     8.903196533E-03
     5.302167204E-04     9.701427041E-12     5.477712714E-12     8.701494013E-03
     5.363625219E-04     9.572905048E-12     5.229939762E-12     8.504353293E-03
     5.425795601E-04     9.446418958E-12     4.993350913E-12     8.311670769E-03
     5.488686606E-04     9.321928012E-12     4.767445020E-12     8.123345254E-03
     5.552306589E-04     9.199392403E-12     4.551742947E-12     7.939277949E-03
     5.616663998E-04     9.078773246E-12     4.345786650E-12     7.759372325E-03
     5.681767380E-04     8.960032567E-12     4.149138292E-12     7.583534105E-03
     5.747625384E-04     8.843133278E-12     3.961379394E-12     7.411671184E-03
     5.814246755E-04     8.728039162E-12     3.782110009E-12     7.243693614E-03
     5.881640341E-04     8.614714851E-12     3.610947936E-12     7.079513494E-03
     5.949815094E-04     8.503125805E-12     3.447527960E-12     6.919044953E-03
     6.018780069E-04     8.393238296E-12     3.291501124E-12     6.762204085E-03
     6.088544424E-04     8.285019388E-12     3.142534023E-12     6.608908937E-03
     6.159117426E-04     8.178436919E-12     3.000308137E-12     6.459079402E-03
     6.230508447E-04     8.073459482E-12     2.864519180E-12     6.312637214E-03
     6.302726970E-04     7.970056406E-12     2.734876482E-12     6.169505885E-03
     6.375782585E-04     7.868197742E-12     2.611102394E-12     6.029610700E-03
     6.449684997E-04     7.767854240E-12     2.492931717E-12     5.892878614E-03
     6.524444019E-04     7.668997336E-12     2.380111155E-12     5.759238254E-03
     6.600069582E-04     7.571599133E-12     2.272398791E-12     5.628619857E-03
     6.676571729E-04     7.475632388E-12     2.169563586E-12     5.500955277E-03
     6.753960622E-04     7.381070489E-12     2.071384895E-12     5.376177877E-03
     6.832246537E-04     7.287887446E-12     1.977652010E-12     5.254222543E-03
     6.911439874E-04     7.196057871E-12     1.888163716E-12     5.135025623E-03
     6.991551149E-04     7.105556965E-12     1.802727872E-12     5.018524938E-03
     7.072591003E-04     7.016360501E-12     1.721161002E-12     4.904659680E-03
     7.154570199E-04     6.928444812E-12     1.643287912E-12     4.793370425E-03
     7.237499625E-04     6.841786772E-12     1.568941322E-12     4.684599078E-03
     7.321390295E-04     6.756363792E-12     1.497961506E-12     4.578288894E-03
     7.406253352E-04     6.672153792E-12     1.430195959E-12     4.474384367E-03
     7.492100065E-04     6.589135199E-12     1.365499070E-12     4.372831255E-03
     7.578941838E-04     6.507286928E-12     1.303731816E-12     4.273576525E-03
     7.666790204E-04     6.426588377E-12     1.244761461E-12     4.176568380E-03
     7.755656829E-04     6.347019403E-12     1.188461279E-12     4.081756145E-03
     7.845553518E-04     6.268560318E-12     1.134710279E-12     3.989090301E-03
     7.936492209E-04     6.191191873E-12     1.083392949E-12     3.898522431E-03
     8.028484981E-04     6.114895256E-12     1.034399009E-12     3.810005244E-03
     8.121544051E-04     6.039652064E-12     9.876231748E-13     3.723492474E-03
     8.215681780E-04     5.965444308E-12     9.429649306E-13     3.638938909E-03
     8.310910669E-04     5.892254392E-12     9.003283167E-13     3.556300338E-03
     8.407243368E-04     5.820065110E-12     8.596217223E-13     3.475533587E-03
     8.504692669E-04     5.748859631E-12     8.207576885E-13     3.396596408E-03
     8.603271516E-04     5.678621488E-12     7.836527213E-13     3.319447519E-03
     8.702993002E-04     5.609334573E-12     7.482271117E-13     3.244046551E-03
     8.803870370E-04     5.540983131E-12     7.144047646E-13     3.170354083E-03
     8.905917020E-04     5.473551737E-12     6.821130354E-13     3.098331538E-03
     9.009146504E-04     5.407025300E-12     6.512825732E-13     3.027941220E-03
     9.113572532E-04     5.341389049E-12     6.218471722E-13     2.959146264E-03
     9.219208974E-04     5.276628530E-12     5.937436285E-13     2.891910682E-03
     9.326069859E-04     5.212729590E-12     5.669116048E-13     2.826199244E-03
     9.434169382E-04     5.149678373E-12     5.412934999E-13     2.761977530E-03
     9.543521898E-04     5.087461310E-12     5.168343247E-13     2.699211877E-03
     9.654141931E-04     5.026065124E-12     4.934815841E-13     2.637869426E-03
     9.766044174E-04     4.965476802E-12     4.711851633E-13     2.577918009E-03
     9.879243488E-04     4.905683603E-12     4.498972204E-13     2.519326196E-03
     9.993754908E-04     4.846673042E-12     4.295720829E-13     2.462063249E-03
     1.010959364E-03     4.788432899E-12     4.101661494E-13     2.406099167E-03
     1.022677508E-03     4.730951192E-12     3.916377958E-13     2.351404577E-03
     1.034531477E-03     4.674216182E-12     3.739472850E-13     2.297950782E-03
     1.046522848E-03     4.618216363E-12     3.570566820E-13     2.245709714E-03
     1.058653212E-03     4.562940468E-12     3.409297716E-13     2.194653986E-03
     1.070924180E-03     4.508377445E-12     3.255319805E-13     2.144756775E-03
     1.083337382E-03     4.454516460E-12     3.108303028E-13     2.095991882E-03
     1.095894467E-03     4.401346891E-12     2.967932289E-13     2.048333677E-03
     1.108597103E-03     4.348858332E-12     2.833906774E-13     2.001757161E-03
     1.121446977E-03     4.297040568E-12     2.705939306E-13     1.956237843E-03
     1.134445794E-03     4.245883587E-12     2.583755721E-13     1.911751801E-03
     1.147595283E-03     4.195377561E-12     2.467094283E-13     1.868275638E-03
     1.160897189E-03     4.145512867E-12     2.355705116E-13     1.825786532E-03
     1.174353278E-03     4.096280047E-12     2.249349670E-13     1.784262122E-03
     1.187965339E-03     4.047669828E-12     2.147800199E-13     1.743680572E-03
     1.201735178E-03     3.999673106E-12     2.050839281E-13     1.704020518E-03
     1.215664626E-03     3.952280963E-12     1.958259342E-13     1.665261129E-03
     1.229755531E-03     3.905484629E-12     1.869862210E-13     1.627381993E-03
     1.244009765E-03     3.859275503E-12     1.785458693E-13     1.590363174E-03
     1.258429222E-03     3.813645133E-12     1.704868167E-13     1.554185168E-03
     1.273015816E-03     3.768585243E-12     1.627918188E-13     1.518828965E-03
     1.287771485E-03     3.724087686E-12     1.554444123E-13     1.484275928E-03
     1.302698189E-03     3.680144469E-12     1.484288794E-13     1.450507860E-03
     1.317797910E-03     3.636747736E-12     1.417302141E-13     1.417506957E-03
     1.333072654E-03     3.593889792E-12     1.353340896E-13     1.385255868E-03
     1.348524448E-03     3.551563057E-12     1.292268279E-13     1.353737582E-03
     1.364155347E-03     3.509760091E-12     1.233953703E-13     1.322935488E-03
     1.379967424E-03     3.468473581E-12     1.178272490E-13     1.292833334E-03
     1.395962782E-03     3.427696358E-12     1.125105608E-13     1.263415287E-03
     1.412143543E-03     3.387421359E-12     1.074339410E-13     1.234665819E-03
     1.428511857E-03     3.347641650E-12     1.025865395E-13     1.206569768E-03
     1.445069898E-03     3.308350408E-12     9.795799689E-14     1.179112299E-03
     1.461819866E-03     3.269540949E-12     9.353842277E-14     1.152278966E-03
     1.478763984E-03     3.231206681E-12     8.931837416E-14     1.126055595E-03
     1.495904503E-03     3.193341128E-12     8.528883530E-14     1.100428348E-03
     1.513243700E-03     3.155937917E-12     8.144119833E-14     1.075383685E-03
     1.530783878E-03     3.118990807E-12     7.776724476E-14     1.050908424E-03
     1.548527365E-03     3.082493633E-12     7.425912787E-14     1.026989628E-03
     1.566476520E-03     3.046440343E-12     7.090935584E-14     1.003614670E-03
     1.584633725E-03     3.010824973E-12     6.771077568E-14     9.807711895E-04
     1.603001392E-03     2.975641686E-12     6.465655788E-14     9.584471622E-04
     1.621581961E-03     2.940884712E-12     6.174018178E-14     9.366307792E-04
     1.640377900E-03     2.906548382E-12     5.895542156E-14     9.153105176E-04
     1.659391704E-03     2.872627111E-12     5.629633289E-14     8.944750975E-04
     1.678625900E-03     2.839115431E-12     5.375724021E-14     8.741135481E-04
     1.698083041E-03     2.806007934E-12     5.133272453E-14     8.542150924E-04
     1.717765712E-03     2.773299304E-12     4.901761183E-14     8.347692155E-04
     1.737676527E-03     2.740984301E-12     4.680696196E-14     8.157656231E-04
     1.757818131E-03     2.709057800E-12     4.469605809E-14     7.971943074E-04
     1.778193198E-03     2.677514721E-12     4.268039655E-14     7.790454329E-04
     1.798804435E-03     2.646350076E-12     4.075567722E-14     7.613094051E-04
     1.819654579E-03     2.615558943E-12     3.891779430E-14     7.439768298E-04
     1.840746399E-03     2.585136509E-12     3.716282754E-14     7.270385778E-04
     1.862082697E-03     2.555078001E-12     3.548703381E-14     7.104856734E-04
     1.883666307E-03     2.525378729E-12     3.388683914E-14     6.943093626E-04
     1.905500094E-03     2.496034064E-12     3.235883099E-14     6.785010726E-04
     1.927586960E-03     2.467039484E-12     3.089975102E-14     6.630524761E-04
     1.949929837E-03     2.438390496E-12     2.950648809E-14     6.479553826E-04
     1.972531692E-03     2.410082688E-12     2.817607159E-14     6.332018049E-04
     1.995395528E-03     2.382111701E-12     2.690566510E-14     6.187839205E-04
     2.018524382E-03     2.354473279E-12     2.569256031E-14     6.046941337E-04
     2.041921325E-03     2.327163191E-12     2.453417123E-14     5.909249709E-04
     2.065589464E-03     2.300177279E-12     2.342802869E-14     5.774691447E-04
     2.089531943E-03     2.273511436E-12     2.237177499E-14     5.643195177E-04
     2.113751942E-03     2.247161652E-12     2.136315893E-14     5.514691616E-04
     2.138252678E-03     2.221123938E-12     2.040003096E-14     5.389112572E-04
     2.163037405E-03     2.195394374E-12     1.948033860E-14     5.266391560E-04
     2.188109414E-03     2.169969081E-12     1.860212202E-14     5.146463458E-04
     2.213472036E-03     2.144844284E-12     1.776350992E-14     5.029265074E-04
     2.239128639E-03     2.120016213E-12     1.696271544E-14     4.914734187E-04
     2.265082630E-03     2.095481169E-12     1.619803242E-14     4.802810146E-04
     2.291337457E-03     2.071235490E-12     1.546783172E-14     4.693433533E-04
     2.317896607E-03     2.047275613E-12     1.477055773E-14     4.586546713E-04
     2.344763607E-03     2.023597975E-12     1.410472509E-14     4.482092919E-04
     2.371942025E-03     2.000199083E-12     1.346891545E-14     4.380016819E-04
     2.399435471E-03     1.977075474E-12     1.286177450E-14     4.280264205E-04
     2.427247597E-03     1.954223783E-12     1.228200907E-14     4.182782510E-04
     2.455382096E-03     1.931640643E-12     1.172838434E-14     4.087519942E-04
     2.483842705E-03     1.909322748E-12     1.119972120E-14     3.994426028E-04
     2.512633205E-03     1.887266824E-12     1.069489380E-14     3.903451312E-04
     2.541757418E-03     1.865469690E-12     1.021282706E-14     3.814547850E-04
     2.571219214E-03     1.843928158E-12     9.752494424E-15     3.727668392E-04
     2.601022504E-03     1.822639102E-12     9.312915671E-15     3.642766897E-04
     2.631171248E-03     1.801599421E-12     8.893154800E-15     3.559798248E-04
     2.661669449E-03     1.780806106E-12     8.492318047E-15     3.478718716E-04
     2.692521159E-03     1.760256138E-12     8.109551976E-15     3.399485198E-04
     2.723730474E-03     1.739946557E-12     7.744041657E-15     3.322055695E-04
     2.755301539E-03     1.719874424E-12     7.395008927E-15     3.246389051E-04
     2.787238548E-03     1.700036892E-12     7.061710732E-15     3.172445382E-04
     2.819545743E-03     1.680431099E-12     6.743437539E-15     3.100185367E-04
     2.852227414E-03     1.661054240E-12     6.439511828E-15     3.029570696E-04
     2.885287902E-03     1.641903530E-12     6.149286639E-15     2.960563830E-04
     2.918731598E-03     1.622976271E-12     5.872144200E-15     2.893128387E-04
     2.952562944E-03     1.604269749E-12     5.607494606E-15     2.827228503E-04
     2.986786432E-03     1.585781305E-12     5.354774560E-15     2.762829232E-04
     3.021406609E-03     1.567508295E-12     5.113446176E-15     2.699896332E-04
     3.056428072E-03     1.549448165E-12     4.882995828E-15     2.638396620E-04
     3.091855473E-03     1.531598338E-12     4.662933059E-15     2.578297382E-04
     3.127693517E-03     1.513956291E-12     4.452789530E-15     2.519566743E-04
     3.163946963E-03     1.496519515E-12     4.252118029E-15     2.462173472E-04
     3.200620627E-03     1.479285588E-12     4.060491511E-15     2.406087299E-04
     3.237719380E-03     1.462252063E-12     3.877502193E-15     2.351278387E-04
     3.275248149E-03     1.445416545E-12     3.702760681E-15     2.297717662E-04
     3.313211918E-03     1.428776653E-12     3.535895142E-15     2.245376640E-04
     3.351615729E-03     1.412330087E-12     3.376550514E-15     2.194227708E-04
     3.390464683E-03     1.396074523E-12     3.224387744E-15     2.144243654E-04
     3.429763940E-03     1.380007687E-12     3.079083070E-15     2.095397959E-04
     3.469518718E-03     1.364127316E-12     2.940327329E-15     2.047664646E-04
     3.509734299E-03     1.348431227E-12     2.807825301E-15     2.001018525E-04
     3.550416023E-03     1.332917212E-12     2.681295076E-15     1.955434778E-04
     3.591569294E-03     1.317583109E-12     2.560467457E-15     1.910889220E-04
     3.633199577E-03     1.302426770E-12     2.445085385E-15     1.867358156E-04
     3.675312401E-03     1.287446118E-12     2.334903391E-15     1.824818610E-04
     3.717913359E-03     1.272639055E-12     2.229687075E-15     1.783247947E-04
     3.761008110E-03     1.258003528E-12     2.129212605E-15     1.742624108E-04
     3.804602377E-03     1.243537492E-12     2.033266241E-15     1.702925487E-04
     3.848701950E-03     1.229238975E-12     1.941643881E-15     1.664131120E-04
     3.893312687E-03     1.215105981E-12     1.854150623E-15     1.626220366E-04
     3.938440511E-03     1.201136557E-12     1.770600353E-15     1.589173108E-04
     3.984091417E-03     1.187328760E-12     1.690815348E-15     1.552969641E-04
     4.030271468E-03     1.173680712E-12     1.614625897E-15     1.517590839E-04
     4.076986797E-03     1.160190517E-12     1.541869942E-15     1.483017882E-04
     4.124243608E-03     1.146856317E-12     1.472392727E-15     1.449232419E-04
     4.172048178E-03     1.133676262E-12     1.406046477E-15     1.416216482E-04
     4.220406857E-03     1.120648567E-12     1.342690075E-15     1.383952624E-04
     4.269326067E-03     1.107771427E-12     1.282188768E-15     1.352423681E-04
     4.318812304E-03     1.095043073E-12     1.224413876E-15     1.321612916E-04
     4.368872142E-03     1.082461748E-12     1.169242522E-15     1.291503947E-04
     4.419512230E-03     1.070025749E-12     1.116557366E-15     1.262080853E-04
     4.470739292E-03     1.057733361E-12     1.066246357E-15     1.233327984E-04
     4.522560133E-03     1.045582899E-12     1.018202498E-15     1.205230077E-04
     4.574981635E-03     1.033572691E-12     9.723236107E-16     1.177772191E-04
     4.628010760E-03     1.021701115E-12     9.285121266E-16     1.150939803E-04
     4.681654552E-03     1.009966539E-12     8.866748729E-16     1.124718641E-04
     4.735920136E-03     9.983673582E-13     8.467228770E-16     1.099094786E-04
     4.790814717E-03     9.869019812E-13     8.085711767E-16     1.074054614E-04
     4.846345588E-03     9.755688633E-13     7.721386396E-16     1.049584874E-04
     4.902520124E-03     9.643664492E-13     7.373477900E-16     1.025672553E-04
     4.959345785E-03     9.532932127E-13     7.041246441E-16     1.002304956E-04
     5.016830119E-03     9.423476457E-13     6.723985531E-16     9.794696775E-05
     5.074980759E-03     9.315282588E-13     6.421020522E-16     9.571545933E-05
     5.133805431E-03     9.208335801E-13     6.131707173E-16     9.353478558E-05
     5.193311946E-03     9.102621557E-13     5.855430281E-16     9.140378871E-05
     5.253508207E-03     8.998125491E-13     5.591602371E-16     8.932133730E-05
     5.314402211E-03     8.894833413E-13     5.339662443E-16     8.728632565E-05
     5.376002043E-03     8.792731301E-13     5.099074785E-16     8.529767328E-05
     5.438315886E-03     8.691805302E-13     4.869327825E-16     8.335432427E-05
     5.501352016E-03     8.592041730E-13     4.649933049E-16     8.145524678E-05
     5.565118804E-03     8.493427061E-13     4.440423960E-16     7.959943242E-05
     5.629624721E-03     8.395947936E-13     4.240355085E-16     7.778589580E-05
     5.694878333E-03     8.299591152E-13     4.049301026E-16     7.601367394E-05
     5.760888307E-03     8.204343667E-13     3.866855558E-16     7.428182579E-05
     5.827663410E-03     8.110192593E-13     3.692630763E-16     7.258943175E-05
     5.895212510E-03     8.017125196E-13     3.526256205E-16     7.093559312E-05
     5.963544580E-03     7.925128894E-13     3.367378143E-16     6.931943170E-05
     6.032668695E-03     7.834191253E-13     3.215658775E-16     6.774008927E-05
     6.102594034E-03     7.744299990E-13     3.070775526E-16     6.619672716E-05
     6.173329887E-03     7.655442965E-13     2.932420356E-16     6.468852579E-05
     6.244885646E-03     7.567608185E-13     2.800299107E-16     6.321468425E-05
     6.317270817E-03     7.480783796E-13     2.674130876E-16     6.177441986E-05
     6.390495012E-03     7.394958088E-13     2.553647421E-16     6.036696777E-05
     6.464567956E-03     7.310119487E-13     2.438592587E-16     5.899158055E-05
     6.539499489E-03     7.226256557E-13     2.328721762E-16     5.764752779E-05
     6.615299561E-03     7.143357998E-13     2.223801358E-16     5.633409570E-05
     6.691978241E-03     7.061412643E-13     2.123608311E-16     5.505058677E-05
     6.769545712E-03     6.980409457E-13     2.027929612E-16     5.379631936E-05
     6.848012276E-03     6.900337535E-13     1.936561849E-16     5.257062735E-05
     6.927388355E-03     6.821186100E-13     1.849310777E-16     5.137285981E-05
     7.007684491E-03     6.742944504E-13     1.765990902E-16     5.020238060E-05
     7.088911348E-03     6.665602223E-13     1.686425093E-16     4.905856811E-05
     7.171079715E-03     6.589148858E-13     1.610444197E-16     4.794081485E-05
     7.254200505E-03     6.513574130E-13     1.537886684E-16     4.684852719E-05
     7.338284757E-03     6.438867884E-13     1.468598304E-16     4.578112501E-05
     7.423343639E-03     6.365020082E-13     1.402431757E-16     4.473804141E-05
     7.509388448E-03     6.292020806E-13     1.339246381E-16     4.371872238E-05
     7.596430612E-03     6.219860253E-13     1.278907850E-16     4.272262657E-05
     7.684481692E-03     6.148528735E-13     1.221287895E-16     4.174922492E-05
     7.773553382E-03     6.078016678E-13     1.166264022E-16     4.079800043E-05
     7.863657511E-03     6.008314620E-13     1.113719261E-16     3.986844789E-05
     7.954806048E-03     5.939413211E-13     1.063541910E-16     3.896007358E-05
     8.047011098E-03     5.871303209E-13     1.015625301E-16     3.807239505E-05
     8.140284906E-03     5.803975481E-13     9.698675716E-17     3.720494080E-05
     8.234639862E-03     5.737421001E-13     9.261714507E-17     3.635725010E-05
     8.330088497E-03     5.671630847E-13     8.844440491E-17     3.552887271E-05
     8.426643488E-03     5.606596204E-13     8.445966635E-17     3.471936864E-05
     8.524317658E-03     5.542308357E-13     8.065445874E-17     3.392830793E-05
     8.623123981E-03     5.478758696E-13     7.702069310E-17     3.315527039E-05
     8.723075578E-03     5.415938709E-13     7.355064492E-17     3.239984543E-05
     8.824185726E-03     5.353839983E-13     7.023693776E-17     3.166163180E-05
     8.926467853E-03     5.292454206E-13     6.707252755E-17     3.094023739E-05
     9.029935544E-03     5.231773161E-13     6.405068759E-17     3.023527903E-05
     9.134602540E-03     5.171788726E-13     6.116499428E-17     2.954638226E-05
     9.240482744E-03     5.112492875E-13     5.840931347E-17     2.887318117E-05
     9.347590216E-03     5.053877674E-13     5.577778737E-17     2.821531817E-05
     9.455939183E-03     4.995935285E-13     5.326482216E-17     2.757244382E-05
     9.565544035E-03     4.938657956E-13     5.086507603E-17     2.694421666E-05
     9.676419330E-03     4.882038030E-13     4.857344787E-17     2.633030296E-05
     9.788579792E-03     4.826067935E-13     4.638506643E-17     2.573037665E-05
     9.902040319E-03     4.770740190E-13     4.429527990E-17     2.514411905E-05
     1.001681598E-02     4.716047399E-13     4.229964612E-17     2.457121874E-05
     1.013292202E-02     4.661982254E-13     4.039392302E-17     2.401137142E-05
     1.025037385E-02     4.608537530E-13     3.857405971E-17     2.346427970E-05
     1.036918709E-02     4.555706086E-13     3.683618780E-17     2.292965297E-05
     1.048937750E-02     4.503480865E-13     3.517661320E-17     2.240720725E-05
     1.061096105E-02     4.451854892E-13     3.359180825E-17     2.189666500E-05
     1.073395389E-02     4.400821271E-13     3.207840424E-17     2.139775504E-05
     1.085837236E-02     4.350373188E-13     3.063318425E-17     2.091021235E-05
     1.098423297E-02     4.300503907E-13     2.925307628E-17     2.043377794E-05
     1.111155244E-02     4.251206771E-13     2.793514677E-17     1.996819874E-05
     1.124034770E-02     4.202475199E-13     2.667659430E-17     1.951322741E-05
     1.137063583E-02     4.154302686E-13     2.547474370E-17     1.906862230E-05
     1.150243414E-02     4.106682804E-13     2.432704031E-17     1.863414720E-05
     1.163576015E-02     4.059609198E-13     2.323104458E-17     1.820957134E-05
     1.177063155E-02     4.013075588E-13     2.218442688E-17     1.779466917E-05
     1.190706626E-02     3.967075764E-13     2.118496253E-17     1.738922029E-05
     1.204508240E-02     3.921603592E-13     2.023052709E-17     1.699300933E-05
     1.218469830E-02     3.876653004E-13     1.931909184E-17     1.660582581E-05
     1.232593251E-02     3.832218007E-13     1.844871945E-17     1.622746405E-05
     1.246880378E-02     3.788292675E-13     1.761755990E-17     1.585772306E-05
     1.261333108E-02     3.744871149E-13     1.682384649E-17     1.549640643E-05
     1.275953362E-02     3.701947640E-13     1.606589215E-17     1.514332222E-05
     1.290743080E-02     3.659516426E-13     1.534208581E-17     1.479828287E-05
     1.305704228E-02     3.617571849E-13     1.465088896E-17     1.446110508E-05
     1.320838792E-02     3.576108319E-13     1.399083246E-17     1.413160973E-05
     1.336148783E-02     3.535120309E-13     1.336051331E-17     1.380962180E-05
     1.351636234E-02     3.494602356E-13     1.275859174E-17     1.349497024E-05
     1.367303201E-02     3.454549060E-13     1.218378836E-17     1.318748788E-05
     1.383151766E-02     3.414955084E-13     1.163488140E-17     1.288701140E-05
     1.399184033E-02     3.375815152E-13     1.111070414E-17     1.259338116E-05
     1.415402132E-02     3.337124049E-13     1.061014243E-17     1.230644119E-05
     1.431808217E-02     3.298876620E-13     1.013213231E-17     1.202603905E-05
     1.448404467E-02     3.261067770E-13     9.675657769E-18     1.175202579E-05
     1.465193086E-02     3.223692463E-13     9.239748555E-18     1.148425583E-05
     1.482176303E-02     3.186745719E-13     8.823478141E-18     1.122258694E-05
     1.499356375E-02     3.150222618E-13     8.425961738E-18     1.096688010E-05
     1.516735583E-02     3.114118296E-13     8.046354424E-18     1.071699947E-05
     1.534316235E-02     3.078427944E-13     7.683849341E-18     1.047281232E-05
     1.552100667E-02     3.043146810E-13     7.337675984E-18     1.023418891E-05
     1.570091240E-02     3.008270196E-13     7.007098562E-18     1.000100247E-05
     1.588290344E-02     2.973793457E-13     6.691414433E-18     9.773129148E-06
     1.606700395E-02     2.939712004E-13     6.389952613E-18     9.550447869E-06
     1.625323840E-02     2.906021299E-13     6.102072347E-18     9.332840341E-06
     1.644163151E-02     2.872716856E-13     5.827161750E-18     9.120190962E-06
     1.663220831E-02     2.839794243E-13     5.564636502E-18     8.912386764E-06
     1.682499410E-02     2.807249076E-13     5.313938609E-18     8.709317353E-06
     1.702001449E-02     2.775077024E-13     5.074535219E-18     8.510874848E-06
     1.721729539E-02     2.743273804E-13     4.845917484E-18     8.316953829E-06
     1.741686300E-02     2.711835184E-13     4.627599483E-18     8.127451276E-06
     1.761874381E-02     2.680756980E-13     4.419117185E-18     7.942266517E-06
     1.782296465E-02     2.650035056E-13     4.220027467E-18     7.761301173E-06
     1.802955263E-02     2.619665322E-13     4.029907170E-18     7.584459107E-06
     1.823853520E-02     2.589643739E-13     3.848352200E-18     7.411646372E-06
     1.844994011E-02     2.559966311E-13     3.674976665E-18     7.242771162E-06
     1.866379543E-02     2.530629089E-13     3.509412064E-18     7.077743761E-06
     1.888012958E-02     2.501628170E-13     3.351306495E-18     6.916476500E-06
     1.909897128E-02     2.472959696E-13     3.200323909E-18     6.758883704E-06
     1.932034960E-02     2.444619852E-13     3.056143401E-18     6.604881654E-06
     1.954429394E-02     2.416604868E-13     2.918458519E-18     6.454388534E-06
     1.977083404E-02     2.388911017E-13     2.786976622E-18     6.307324396E-06
     2.000000000E-02     2.361534615E-13     2.661418250E-18     6.163611111E-06

