
*FILE TYPE =     6

                Single scattering parameters.


Scattering algorithm =     1   (Full Mie scattering calculation         )
Scattering type      =     0   (Unassigned          )

Number density   =
Effective radius =
Volume fraction  =

    Wavelength (m)      Absorption (m-1)    Scattering (m-1)     Moments of pf
     2.000000000E-07     7.392527164E-10     1.215751510E-09     8.480885765E-01
     2.034926805E-07     7.594439597E-10     1.196086580E-09     8.574760290E-01
     2.070463552E-07     7.817616840E-10     1.173986783E-09     8.701910844E-01
     2.106620891E-07     8.079416697E-10     1.147710113E-09     8.898086247E-01
     2.143409660E-07     8.232954563E-10     1.132436695E-09     9.014064978E-01
     2.180840886E-07     8.386541703E-10     1.117143750E-09     9.141570127E-01
     2.218925789E-07     8.497909497E-10     1.106084794E-09     9.239651684E-01
     2.257675783E-07     8.542925069E-10     1.101714915E-09     9.283436292E-01
     2.297102485E-07     8.518758195E-10     1.104358598E-09     9.271194493E-01
     2.337217711E-07     8.424368959E-10     1.114218729E-09     9.198425531E-01
     2.378033485E-07     8.296501121E-10     1.127576408E-09     9.092981925E-01
     2.419562041E-07     8.170788168E-10     1.140778615E-09     8.983304466E-01
     2.461815828E-07     8.062203626E-10     1.152266266E-09     8.881502071E-01
     2.504807509E-07     7.959693116E-10     1.163110123E-09     8.777545651E-01
     2.548549971E-07     7.936060476E-10     1.165832110E-09     8.744227504E-01
     2.593056326E-07     7.960697219E-10     1.163560714E-09     8.750181713E-01
     2.638339913E-07     8.021945497E-10     1.157537740E-09     8.791353723E-01
     2.684414305E-07     8.100762999E-10     1.149800219E-09     8.853094728E-01
     2.731293314E-07     8.193035873E-10     1.140784258E-09     8.929581215E-01
     2.778990989E-07     8.264964119E-10     1.133875474E-09     8.989971025E-01
     2.827521628E-07     8.315941062E-10     1.129091264E-09     9.032409682E-01
     2.876899777E-07     8.348395343E-10     1.126173420E-09     9.058650304E-01
     2.927140236E-07     8.361533932E-10     1.125201341E-09     9.068081168E-01
     2.978258065E-07     8.373282648E-10     1.124369212E-09     9.076129924E-01
     3.030268585E-07     8.380160435E-10     1.124026753E-09     9.079450963E-01
     3.083187386E-07     8.392127495E-10     1.123190906E-09     9.029487708E-01
     3.137030329E-07     8.378276428E-10     1.124924776E-09     8.962186022E-01
     3.191813553E-07     8.236727269E-10     1.139159355E-09     8.826370315E-01
     3.247553478E-07     7.762156424E-10     1.187393352E-09     8.618861976E-01
     3.304266813E-07     6.761195229E-10     1.287832863E-09     8.359287224E-01
     3.361970555E-07     5.319081343E-10     1.431070050E-09     8.113531556E-01
     3.420682001E-07     3.802040739E-10     1.585132418E-09     7.932160904E-01
     3.480418748E-07     2.519385172E-10     1.713891727E-09     7.790622933E-01
     3.541198702E-07     1.577256642E-10     1.806874807E-09     7.722606901E-01
     3.603040082E-07     9.511311327E-11     1.871236332E-09     7.712419372E-01
     3.665961422E-07     5.657296856E-11     1.908001671E-09     7.705374414E-01
     3.729981582E-07     3.283007464E-11     1.934776949E-09     7.719945399E-01
     3.795119753E-07     1.903772002E-11     1.948352183E-09     7.755905871E-01
     3.861395458E-07     1.095395418E-11     1.958215287E-09     7.791599879E-01
     3.928828562E-07     6.254549554E-12     1.959863434E-09     7.812364717E-01
     3.997439277E-07     3.592122581E-12     1.961093812E-09     7.846381056E-01
     4.067248169E-07     3.150799987E-12     1.963178961E-09     7.849104071E-01
     4.138276162E-07     2.892695845E-12     1.961999045E-09     7.869765709E-01
     4.210544546E-07     2.538214926E-12     1.965482183E-09     7.869284583E-01
     4.284074981E-07     2.352875109E-12     1.969333668E-09     7.871627429E-01
     4.358889508E-07     2.218589690E-12     1.964453992E-09     7.865408847E-01
     4.435010551E-07     2.004389316E-12     1.970540842E-09     7.869702878E-01
     4.512460926E-07     1.908056674E-12     1.971687912E-09     7.877983128E-01
     4.591263848E-07     1.867621223E-12     1.972707887E-09     7.891978071E-01
     4.671442938E-07     1.780461034E-12     1.972164947E-09     7.886961677E-01
     4.753022228E-07     1.722917369E-12     1.971304444E-09     7.886810964E-01
     4.836026169E-07     1.703094157E-12     1.973919546E-09     7.886016666E-01
     4.920479642E-07     1.670968442E-12     1.971530917E-09     7.893092821E-01
     5.006407959E-07     1.649284078E-12     1.971810785E-09     7.902047673E-01
     5.093836878E-07     1.672911322E-12     1.968747024E-09     7.889604232E-01
     5.182792603E-07     1.707623896E-12     1.977817705E-09     7.895267683E-01
     5.273301797E-07     1.618990424E-12     1.975995279E-09     7.881143420E-01
     5.365391591E-07     1.528302681E-12     1.974493291E-09     7.898839984E-01
     5.459089585E-07     1.470030500E-12     1.978359383E-09     7.902742471E-01
     5.554423865E-07     1.492718215E-12     1.976055263E-09     7.905119986E-01
     5.651423006E-07     1.609255056E-12     1.974640369E-09     7.892769115E-01
     5.750116082E-07     1.485872583E-12     1.973105484E-09     7.895052437E-01
     5.850532675E-07     1.460145890E-12     1.982571833E-09     7.904062476E-01
     5.952702883E-07     1.362652426E-12     1.979984695E-09     7.906582489E-01
     6.056657331E-07     1.274183377E-12     1.983365040E-09     7.920063433E-01
     6.162427177E-07     1.359708062E-12     1.984089647E-09     7.892980391E-01
     6.270044125E-07     1.364475705E-12     1.978760984E-09     7.890327417E-01
     6.379540431E-07     1.425973664E-12     1.981324795E-09     7.903044929E-01
     6.490948915E-07     1.469037467E-12     1.980813078E-09     7.891733172E-01
     6.604302970E-07     1.504181318E-12     1.982748453E-09     7.889434381E-01
     6.719636573E-07     1.580869866E-12     1.983509821E-09     7.910352691E-01
     6.836984292E-07     1.649355886E-12     1.977373382E-09     7.888948633E-01
     6.956381303E-07     1.697426227E-12     1.988670343E-09     7.874679594E-01
     7.077863391E-07     1.810144496E-12     1.987228078E-09     7.871891117E-01
     7.201466970E-07     1.810056838E-12     1.986034214E-09     7.877099175E-01
     7.327229088E-07     1.917090775E-12     1.987263566E-09     7.885974388E-01
     7.455187441E-07     1.939469441E-12     1.979436834E-09     7.876011412E-01
     7.585380381E-07     2.120877634E-12     1.991844454E-09     7.878053064E-01
     7.717846934E-07     1.995326218E-12     1.991580278E-09     7.889789641E-01
     7.852626803E-07     2.125696542E-12     1.984105786E-09     7.866824703E-01
     7.989760388E-07     2.175368235E-12     1.990571700E-09     7.857442867E-01
     8.129288791E-07     2.304048829E-12     1.984748432E-09     7.851717699E-01
     8.271253836E-07     2.358130772E-12     1.994366462E-09     7.841149749E-01
     8.415698073E-07     2.492881165E-12     1.994035534E-09     7.866105074E-01
     8.562664797E-07     2.631243197E-12     1.986145333E-09     7.852641167E-01
     8.712198061E-07     2.715419098E-12     1.995338164E-09     7.846115933E-01
     8.864342685E-07     2.811338602E-12     1.993134492E-09     7.858905084E-01
     9.019144271E-07     2.998993613E-12     1.993777272E-09     7.843484918E-01
     9.176649220E-07     3.082479865E-12     1.997308834E-09     7.824508374E-01
     9.336904741E-07     3.398428620E-12     1.988351380E-09     7.836471899E-01
     9.499958869E-07     3.452209147E-12     1.997925541E-09     7.812887894E-01
     9.665860477E-07     3.722943320E-12     1.997482512E-09     7.839439524E-01
     9.834659292E-07     3.809195849E-12     1.988572021E-09     7.829850124E-01
     1.000640591E-06     4.041950409E-12     2.000818574E-09     7.833457426E-01
     1.018115180E-06     4.255843160E-12     1.997586744E-09     7.797780494E-01
     1.035894936E-06     4.582295511E-12     1.999530557E-09     7.810414564E-01
     1.053985186E-06     4.594588646E-12     2.000747606E-09     7.812011753E-01
     1.072391354E-06     4.935048660E-12     1.991123668E-09     7.806304474E-01
     1.091118956E-06     5.505756444E-12     2.008374474E-09     7.762768667E-01
     1.110173606E-06     5.584998173E-12     2.003647384E-09     7.801217258E-01
     1.129561015E-06     5.829609972E-12     1.998883072E-09     7.797075417E-01
     1.149286994E-06     6.210729671E-12     2.005075966E-09     7.796647978E-01
     1.169357455E-06     6.507624678E-12     1.995349045E-09     7.762434152E-01
     1.189778416E-06     7.162672510E-12     2.007086990E-09     7.761296530E-01
     1.210555995E-06     7.141486071E-12     2.007907752E-09     7.777950821E-01
     1.231696422E-06     7.878130957E-12     1.994334063E-09     7.762137943E-01
     1.253206033E-06     8.088295729E-12     2.010288967E-09     7.742086798E-01
     1.275091274E-06     8.311634741E-12     2.002674092E-09     7.780411762E-01
     1.297358707E-06     9.189877887E-12     2.000899117E-09     7.762405787E-01
     1.320015005E-06     9.338110523E-12     2.010890050E-09     7.746536403E-01
     1.343066958E-06     9.907112404E-12     1.998664941E-09     7.732377837E-01
     1.366521477E-06     1.039951771E-11     2.009062763E-09     7.737959038E-01
     1.390385592E-06     1.142535525E-11     2.010733323E-09     7.740600661E-01
     1.414666456E-06     1.183652679E-11     2.000157437E-09     7.736982488E-01
     1.439371346E-06     1.254942864E-11     2.015925145E-09     7.713958853E-01
     1.464507668E-06     1.301585569E-11     2.003943766E-09     7.743959800E-01
     1.490082955E-06     1.402109856E-11     2.008122132E-09     7.713769092E-01
     1.516104874E-06     1.494079537E-11     2.016222029E-09     7.688796983E-01
     1.542581224E-06     1.540560978E-11     2.002396843E-09     7.677214456E-01
     1.569519941E-06     1.636623859E-11     2.014111023E-09     7.684374374E-01
     1.596929100E-06     1.725110630E-11     2.013252032E-09     7.694740377E-01
     1.624816916E-06     1.808664280E-11     2.000783360E-09     7.697141710E-01
     1.653191748E-06     1.964259490E-11     2.016736477E-09     7.670440404E-01
     1.682062101E-06     2.054498654E-11     2.003318154E-09     7.704908095E-01
     1.711436629E-06     2.242342975E-11     2.010008519E-09     7.672884039E-01
     1.741324136E-06     2.342186515E-11     2.014430555E-09     7.643934558E-01
     1.771733581E-06     2.513221361E-11     2.005558525E-09     7.632145654E-01
     1.802674078E-06     2.618277516E-11     2.016357737E-09     7.616942195E-01
     1.834154901E-06     2.795333765E-11     2.010572655E-09     7.657241288E-01
     1.866185487E-06     2.961566081E-11     2.003328692E-09     7.641445276E-01
     1.898775436E-06     3.063979344E-11     2.013675686E-09     7.618335027E-01
     1.931934516E-06     3.267968809E-11     1.999941491E-09     7.662978478E-01
     1.965672667E-06     3.435210943E-11     2.002845520E-09     7.638528462E-01
     2.000000000E-06     3.695019446E-11     2.010594119E-09     7.604843158E-01
     2.034926805E-06     3.985419616E-11     2.000232663E-09     7.599659444E-01
     2.070463552E-06     4.232592880E-11     2.011715705E-09     7.566258502E-01
     2.106620891E-06     4.373139984E-11     2.000152407E-09     7.626283253E-01
     2.143409660E-06     4.774317148E-11     2.000515882E-09     7.603294788E-01
     2.180840886E-06     5.018455092E-11     2.007156836E-09     7.567475564E-01
     2.218925789E-06     5.206213683E-11     1.993276378E-09     7.618622641E-01
     2.257675783E-06     5.490934344E-11     1.999111398E-09     7.588806193E-01
     2.297102485E-06     5.860484748E-11     2.002025982E-09     7.543736049E-01
     2.337217711E-06     6.126813626E-11     1.991147504E-09     7.573512606E-01
     2.378033485E-06     6.480810380E-11     1.998661719E-09     7.513311520E-01
     2.419562041E-06     6.739958041E-11     1.986067978E-09     7.594459071E-01
     2.461815828E-06     6.975170629E-11     1.989478896E-09     7.570340397E-01
     2.504807509E-06     7.258372416E-11     1.990650250E-09     7.521563196E-01
     2.548549971E-06     7.478120001E-11     1.986043589E-09     7.564397917E-01
     2.593056326E-06     7.952291366E-11     1.986179631E-09     7.537317506E-01
     2.638339913E-06     8.499442313E-11     1.987462024E-09     7.497353190E-01
     2.684414305E-06     8.855090841E-11     1.975086299E-09     7.551636317E-01
     2.731293314E-06     9.540400037E-11     1.977291287E-09     7.463284259E-01
     2.778990989E-06     1.014196921E-10     1.964931198E-09     7.561222430E-01
     2.827521628E-06     1.064886099E-10     1.962746334E-09     7.540094221E-01
     2.876899777E-06     1.119322561E-10     1.958558508E-09     7.491422649E-01
     2.927140236E-06     1.182703340E-10     1.960227555E-09     7.518883260E-01
     2.978258065E-06     1.247757423E-10     1.953894220E-09     7.496001290E-01
     3.030268585E-06     1.301960226E-10     1.949757359E-09     7.479758582E-01
     3.083187386E-06     1.326761742E-10     1.945349960E-09     7.524202585E-01
     3.137030329E-06     1.394473320E-10     1.947068246E-09     7.427853903E-01
     3.191813553E-06     1.434359693E-10     1.936404080E-09     7.523331209E-01
     3.247553478E-06     1.487738227E-10     1.935769718E-09     7.501370759E-01
     3.304266813E-06     1.550840090E-10     1.927507942E-09     7.452564822E-01
     3.361970555E-06     1.634887848E-10     1.928483036E-09     7.478805946E-01
     3.420682001E-06     1.712116496E-10     1.924082883E-09     7.452709931E-01
     3.480418748E-06     1.799629741E-10     1.913976504E-09     7.449686143E-01
     3.541198702E-06     1.863534931E-10     1.905128456E-09     7.491921940E-01
     3.603040082E-06     1.977203363E-10     1.905051030E-09     7.402003124E-01
     3.665961422E-06     2.049459180E-10     1.891468595E-09     7.494796499E-01
     3.729981582E-06     2.131610477E-10     1.886078838E-09     7.474641563E-01
     3.795119753E-06     2.225423071E-10     1.875276660E-09     7.427817861E-01
     3.861395458E-06     2.327943943E-10     1.874966213E-09     7.460369103E-01
     3.928828562E-06     2.414337480E-10     1.871212159E-09     7.427411301E-01
     3.997439277E-06     2.512687049E-10     1.858043216E-09     7.434986373E-01
     4.067248169E-06     2.573785767E-10     1.851099017E-09     7.469740321E-01
     4.138276162E-06     2.679011173E-10     1.850783780E-09     7.386432006E-01
     4.210544546E-06     2.729393473E-10     1.839587848E-09     7.467777920E-01
     4.284074981E-06     2.803472839E-10     1.836868881E-09     7.444559773E-01
     4.358889508E-06     2.885635671E-10     1.828065151E-09     7.398522553E-01
     4.435010551E-06     2.987466692E-10     1.825400976E-09     7.435422417E-01
     4.512460926E-06     3.085614166E-10     1.822797386E-09     7.394904047E-01
     4.591263848E-06     3.185458736E-10     1.807307928E-09     7.416404999E-01
     4.671442938E-06     3.270656317E-10     1.801678241E-09     7.442524455E-01
     4.753022228E-06     3.375963677E-10     1.797734872E-09     7.369713140E-01
     4.836026169E-06     3.428799675E-10     1.786480890E-09     7.439237324E-01
     4.920479642E-06     3.532375191E-10     1.784027081E-09     7.415068003E-01
     5.006407959E-06     3.645849541E-10     1.773919419E-09     7.377209863E-01
     5.093836878E-06     3.759850992E-10     1.767272645E-09     7.420455305E-01
     5.182792603E-06     3.893144901E-10     1.762505090E-09     7.377471008E-01
     5.273301797E-06     3.990638766E-10     1.744278393E-09     7.401445336E-01
     5.365391591E-06     4.102264057E-10     1.739054342E-09     7.424421044E-01
     5.459089585E-06     4.228029247E-10     1.733751935E-09     7.363878470E-01
     5.554423865E-06     4.282169984E-10     1.721997344E-09     7.421444015E-01
     5.651423006E-06     4.409422063E-10     1.719005512E-09     7.400096398E-01
     5.750116082E-06     4.528135624E-10     1.706772197E-09     7.369931640E-01
     5.850532675E-06     4.608828288E-10     1.701661611E-09     7.409778758E-01
     5.952702883E-06     4.732872172E-10     1.700840398E-09     7.365755849E-01
     6.056657331E-06     4.788637729E-10     1.686453621E-09     7.383004382E-01
     6.162427177E-06     4.878011455E-10     1.684884126E-09     7.398609048E-01
     6.270044125E-06     4.989731436E-10     1.680260561E-09     7.345671834E-01
     6.379540431E-06     5.009811228E-10     1.670765592E-09     7.387461674E-01
     6.490948915E-06     5.126128735E-10     1.671527773E-09     7.366512217E-01
     6.604302970E-06     5.216805589E-10     1.661818560E-09     7.339172229E-01
     6.719636573E-06     5.264158507E-10     1.659290253E-09     7.371708370E-01
     6.836984292E-06     5.388726857E-10     1.659948114E-09     7.331073738E-01
     6.956381303E-06     5.425436049E-10     1.646615175E-09     7.342564812E-01
     7.077863391E-06     5.520936283E-10     1.645404165E-09     7.354839666E-01
     7.201466970E-06     5.646536624E-10     1.639425847E-09     7.312936500E-01
     7.327229088E-06     5.661613811E-10     1.630618475E-09     7.343824225E-01
     7.455187441E-06     5.794265516E-10     1.631867688E-09     7.326960331E-01
     7.585380381E-06     5.878523131E-10     1.622113651E-09     7.305939990E-01
     7.717846934E-06     5.928841574E-10     1.618976449E-09     7.331906614E-01
     7.852626803E-06     6.075525898E-10     1.617922836E-09     7.300094482E-01
     7.989760388E-06     6.108636976E-10     1.605408847E-09     7.307970674E-01
     8.129288791E-06     6.215758029E-10     1.604180786E-09     7.316751511E-01
     8.271253836E-06     6.340220478E-10     1.598028388E-09     7.285036946E-01
     8.415698073E-06     6.341608206E-10     1.591392322E-09     7.303514969E-01
     8.562664797E-06     6.444710549E-10     1.596084923E-09     7.285066506E-01
     8.712198061E-06     6.468055649E-10     1.592056522E-09     7.261059598E-01
     8.864342685E-06     6.464070316E-10     1.594755929E-09     7.271183242E-01
     9.019144271E-06     6.559766867E-10     1.599294119E-09     7.237771553E-01
     9.176649220E-06     6.527393882E-10     1.594615039E-09     7.233086990E-01
     9.336904741E-06     6.604615941E-10     1.597467100E-09     7.233530118E-01
     9.499958869E-06     6.701383110E-10     1.593999891E-09     7.204406090E-01
     9.665860477E-06     6.689261931E-10     1.589183910E-09     7.213695189E-01
     9.834659292E-06     6.812175640E-10     1.592012471E-09     7.199005786E-01
     1.000640591E-05     6.854013458E-10     1.586116385E-09     7.180722772E-01
     1.018115180E-05     6.871396703E-10     1.586687101E-09     7.187188542E-01
     1.035894936E-05     6.969607995E-10     1.590794559E-09     7.159685235E-01
     1.053985186E-05     6.939004884E-10     1.588072083E-09     7.151208268E-01
     1.072391354E-05     6.995741622E-10     1.593701616E-09     7.145849317E-01
     1.091118956E-05     7.059780816E-10     1.594414318E-09     7.118022084E-01
     1.110173606E-05     7.013036303E-10     1.595014682E-09     7.115384228E-01
     1.129561015E-05     7.078467886E-10     1.603638425E-09     7.093696515E-01
     1.149286994E-05     7.049853745E-10     1.605107846E-09     7.067284867E-01
     1.169357455E-05     7.012225366E-10     1.611492483E-09     7.059935411E-01
     1.189778416E-05     7.078529114E-10     1.618134313E-09     7.030560202E-01
     1.210555995E-05     7.060394914E-10     1.614388685E-09     7.022116057E-01
     1.231696422E-05     7.178638336E-10     1.613830148E-09     7.022845826E-01
     1.253206033E-05     7.311539217E-10     1.607810419E-09     7.009773546E-01
     1.275091274E-05     7.357448713E-10     1.601496770E-09     7.015098225E-01
     1.297358707E-05     7.510077534E-10     1.600929988E-09     7.009141206E-01
     1.320015005E-05     7.497857737E-10     1.603707920E-09     6.986350154E-01
     1.343066958E-05     7.472641910E-10     1.610838929E-09     6.974397138E-01
     1.366521477E-05     7.520902279E-10     1.619045751E-09     6.947617810E-01
     1.390385592E-05     7.464651190E-10     1.622415153E-09     6.929033719E-01
     1.414666456E-05     7.483195633E-10     1.631065641E-09     6.912618755E-01
     1.439371346E-05     7.499267985E-10     1.636686418E-09     6.885115808E-01
     1.464507668E-05     7.421416826E-10     1.643432544E-09     6.866794056E-01
     1.490082955E-05     7.421837390E-10     1.657279728E-09     6.838121826E-01
     1.516104874E-05     7.344518226E-10     1.666493057E-09     6.806323452E-01
     1.542581224E-05     7.265952837E-10     1.679116929E-09     6.784396305E-01
     1.569519941E-05     7.261607731E-10     1.693323638E-09     6.751036044E-01
     1.596929100E-05     7.164896922E-10     1.701656101E-09     6.726637655E-01
     1.624816916E-05     7.166062800E-10     1.714163502E-09     6.706382732E-01
     1.653191748E-05     7.159287862E-10     1.724041286E-09     6.677213284E-01
     1.682062101E-05     7.088857578E-10     1.732603393E-09     6.658879939E-01
     1.711436629E-05     7.112889032E-10     1.746602816E-09     6.633850547E-01
     1.741324136E-05     7.066874685E-10     1.754970570E-09     6.607796606E-01
     1.771733581E-05     7.028626747E-10     1.765851581E-09     6.589055831E-01
     1.802674078E-05     7.045228928E-10     1.778698922E-09     6.560889576E-01
     1.834154901E-05     6.979124586E-10     1.785965426E-09     6.538418885E-01
     1.866185487E-05     6.968420176E-10     1.798998890E-09     6.515855040E-01
     1.898775436E-05     6.944607554E-10     1.810661530E-09     6.485573045E-01
     1.931934516E-05     6.859073950E-10     1.820635166E-09     6.462107997E-01
     1.965672667E-05     6.845975443E-10     1.836473089E-09     6.433383276E-01
     2.000000000E-05     6.782656493E-10     1.846787784E-09     6.403972317E-01
     2.034926805E-05     6.716886817E-10     1.859046806E-09     6.379932582E-01
     2.070463552E-05     6.700526403E-10     1.874654676E-09     6.348758374E-01
     2.106620891E-05     6.619335141E-10     1.884516825E-09     6.322012065E-01
     2.143409660E-05     6.578793902E-10     1.900237584E-09     6.295405693E-01
     2.180840886E-05     6.541206260E-10     1.914979130E-09     6.264027948E-01
     2.218925789E-05     6.461190406E-10     1.927036273E-09     6.238482881E-01
     2.257675783E-05     6.416640870E-10     1.947533964E-09     6.206811760E-01
     2.297102485E-05     6.315185660E-10     1.965320333E-09     6.173244241E-01
     2.337217711E-05     6.216697166E-10     1.984988952E-09     6.143411858E-01
     2.378033485E-05     6.146685862E-10     2.008461064E-09     6.107655279E-01
     2.419562041E-05     6.027961071E-10     2.025989488E-09     6.076439712E-01
     2.461815828E-05     6.000334553E-10     2.044619251E-09     6.048592826E-01
     2.504807509E-05     5.989818942E-10     2.057306425E-09     6.020068091E-01
     2.548549971E-05     5.957953063E-10     2.066813936E-09     5.996815998E-01
     2.593056326E-05     5.986988577E-10     2.081749078E-09     5.969602061E-01
     2.638339913E-05     5.957852584E-10     2.090850877E-09     5.941722632E-01
     2.684414305E-05     5.915348039E-10     2.104700578E-09     5.913812134E-01
     2.731293314E-05     5.817062161E-10     2.130721488E-09     5.874138377E-01
     2.778990989E-05     5.647617918E-10     2.152155950E-09     5.835713461E-01
     2.827521628E-05     5.521196971E-10     2.178587665E-09     5.796992587E-01
     2.876899777E-05     5.378976730E-10     2.202890769E-09     5.755438338E-01
     2.927140236E-05     5.240106817E-10     2.221560112E-09     5.719326756E-01
     2.978258065E-05     5.172343582E-10     2.243144727E-09     5.681777082E-01
     3.030268585E-05     5.056121429E-10     2.257968281E-09     5.644265123E-01
     3.083187386E-05     4.952782029E-10     2.275115412E-09     5.608598849E-01
     3.137030329E-05     4.881752323E-10     2.295506159E-09     5.569087042E-01
     3.191813553E-05     4.754269864E-10     2.308547043E-09     5.531775067E-01
     3.247553478E-05     4.681556132E-10     2.327202144E-09     5.494019981E-01
     3.304266813E-05     4.587362097E-10     2.343251189E-09     5.453915825E-01
     3.361970555E-05     4.468870710E-10     2.357503700E-09     5.416195415E-01
     3.420682001E-05     4.408644868E-10     2.377795149E-09     5.375975239E-01
     3.480418748E-05     4.311014093E-10     2.389169750E-09     5.336866065E-01
     3.541198702E-05     4.252742804E-10     2.402389839E-09     5.299077106E-01
     3.603040082E-05     4.202181594E-10     2.417045378E-09     5.258974110E-01
     3.665961422E-05     4.118340348E-10     2.427874726E-09     5.219692944E-01
     3.729981582E-05     4.070110377E-10     2.443317824E-09     5.179730173E-01
     3.795119753E-05     3.978621266E-10     2.459666726E-09     5.136785258E-01
     3.861395458E-05     3.844052091E-10     2.478322164E-09     5.092679947E-01
     3.928828562E-05     3.721801317E-10     2.501207127E-09     5.047369525E-01
     3.997439277E-05     3.576763762E-10     2.521380233E-09     5.001316716E-01
     4.067248169E-05     3.439886317E-10     2.541831058E-09     4.955908658E-01
     4.138276162E-05     3.336817007E-10     2.562051551E-09     4.910213429E-01
     4.210544546E-05     3.230643634E-10     2.576883488E-09     4.864345013E-01
     4.284074981E-05     3.130284003E-10     2.592269310E-09     4.818966666E-01
     4.358889508E-05     3.032136600E-10     2.607684879E-09     4.772351124E-01
     4.435010551E-05     2.922893721E-10     2.620075580E-09     4.725598154E-01
     4.512460926E-05     2.833698255E-10     2.632366558E-09     4.679344512E-01
     4.591263848E-05     2.759143751E-10     2.642968739E-09     4.631687925E-01
     4.671442938E-05     2.677801257E-10     2.650150411E-09     4.583346148E-01
     4.753022228E-05     2.600936122E-10     2.657051516E-09     4.534743046E-01
     4.836026169E-05     2.526497173E-10     2.660825593E-09     4.485199652E-01
     4.920479642E-05     2.460315812E-10     2.661070900E-09     4.436072426E-01
     5.006407959E-05     2.404537799E-10     2.659766098E-09     4.386660400E-01
     5.093836878E-05     2.352164990E-10     2.656841556E-09     4.336442905E-01
     5.182792603E-05     2.304936044E-10     2.652897137E-09     4.285160518E-01
     5.273301797E-05     2.254324021E-10     2.645652844E-09     4.232756927E-01
     5.365391591E-05     2.196445616E-10     2.637030554E-09     4.179695434E-01
     5.459089585E-05     2.135234735E-10     2.627130629E-09     4.125803744E-01
     5.554423865E-05     2.069501715E-10     2.614002031E-09     4.071477191E-01
     5.651423006E-05     2.005066668E-10     2.599862230E-09     4.017057588E-01
     5.750116082E-05     1.949075290E-10     2.584448359E-09     3.962233690E-01
     5.850532675E-05     1.921663434E-10     2.563844555E-09     3.907511623E-01
     5.952702883E-05     1.906954380E-10     2.539772832E-09     3.852507502E-01
     6.056657331E-05     1.892455419E-10     2.513047620E-09     3.796967469E-01
     6.162427177E-05     1.876408904E-10     2.484008510E-09     3.741016080E-01
     6.270044125E-05     1.855176812E-10     2.453415240E-09     3.684606923E-01
     6.379540431E-05     1.807456072E-10     2.423780712E-09     3.627304389E-01
     6.490948915E-05     1.748968340E-10     2.394220475E-09     3.569639241E-01
     6.604302970E-05     1.692473923E-10     2.364208093E-09     3.511849524E-01
     6.719636573E-05     1.639132020E-10     2.333437737E-09     3.453869287E-01
     6.836984292E-05     1.589840338E-10     2.301068114E-09     3.395737195E-01
     6.956381303E-05     1.551163086E-10     2.265845389E-09     3.337690862E-01
     7.077863391E-05     1.516716029E-10     2.228374229E-09     3.279650003E-01
     7.201466970E-05     1.482325797E-10     2.189064549E-09     3.221583239E-01
     7.327229088E-05     1.447362640E-10     2.148152864E-09     3.163539961E-01
     7.455187441E-05     1.412847535E-10     2.105798298E-09     3.105595777E-01
     7.585380381E-05     1.388620201E-10     2.061431336E-09     3.048014110E-01
     7.717846934E-05     1.367720588E-10     2.016702595E-09     2.990646971E-01
     7.852626803E-05     1.347857716E-10     1.972341222E-09     2.933417747E-01
     7.989760388E-05     1.329283755E-10     1.928198169E-09     2.876306009E-01
     8.129288791E-05     1.310640199E-10     1.884042536E-09     2.819289110E-01
     8.271253836E-05     1.288611521E-10     1.839871280E-09     2.762336932E-01
     8.415698073E-05     1.265144315E-10     1.795242036E-09     2.705545536E-01
     8.562664797E-05     1.241777310E-10     1.749900707E-09     2.649002761E-01
     8.712198061E-05     1.218290497E-10     1.703891849E-09     2.592756144E-01
     8.864342685E-05     1.194040848E-10     1.657409210E-09     2.536839856E-01
     9.019144271E-05     1.167727393E-10     1.610821151E-09     2.481271328E-01
     9.176649220E-05     1.140529091E-10     1.564367991E-09     2.426111681E-01
     9.336904741E-05     1.113468186E-10     1.518382497E-09     2.371412138E-01
     9.499958869E-05     1.086957990E-10     1.473204238E-09     2.317203839E-01
     9.665860477E-05     1.061640793E-10     1.428965439E-09     2.263511939E-01
     9.834659292E-05     1.038777428E-10     1.385532675E-09     2.210363018E-01
     1.000640591E-04     1.017247206E-10     1.342834371E-09     2.157736717E-01
     1.018115180E-04     9.964785432E-11     1.300705783E-09     2.105624355E-01
     1.035894936E-04     9.762583113E-11     1.258975463E-09     2.054028453E-01
     1.053985186E-04     9.560185343E-11     1.217552391E-09     2.002951916E-01
     1.072391354E-04     9.346396827E-11     1.176444757E-09     1.952395100E-01
     1.091118956E-04     9.129591697E-11     1.135574948E-09     1.902394725E-01
     1.110173606E-04     8.913014749E-11     1.094967091E-09     1.852981594E-01
     1.129561015E-04     8.696388706E-11     1.054726189E-09     1.804182540E-01
     1.149286994E-04     8.479857221E-11     1.015001494E-09     1.756025989E-01
     1.169357455E-04     8.264091139E-11     9.759728931E-10     1.708541769E-01
     1.189778416E-04     8.050236779E-11     9.378295688E-10     1.661760946E-01
     1.210555995E-04     7.839752086E-11     9.007414889E-10     1.615715340E-01
     1.231696422E-04     7.634137799E-11     8.648308397E-10     1.570436285E-01
     1.253206033E-04     7.434642220E-11     8.301539272E-10     1.525952561E-01
     1.275091274E-04     7.242047805E-11     7.967002522E-10     1.482287998E-01
     1.297358707E-04     7.056602323E-11     7.644067951E-10     1.439459533E-01
     1.320015005E-04     6.878080560E-11     7.331794322E-10     1.397476368E-01
     1.343066958E-04     6.705916731E-11     7.029134121E-10     1.356340354E-01
     1.366521477E-04     6.539348466E-11     6.735085391E-10     1.316047261E-01
     1.390385592E-04     6.377537712E-11     6.448783792E-10     1.276588416E-01
     1.414666456E-04     6.219657941E-11     6.169547563E-10     1.237952315E-01
     1.439371346E-04     6.064951014E-11     5.896892318E-10     1.200125962E-01
     1.464507668E-04     5.912762029E-11     5.630529200E-10     1.163095908E-01
     1.490082955E-04     5.762560181E-11     5.370354600E-10     1.126849009E-01
     1.516104874E-04     5.613951387E-11     5.116434996E-10     1.091373004E-01
     1.542581224E-04     5.466685744E-11     4.868987349E-10     1.056656957E-01
     1.569519941E-04     5.320660540E-11     4.628353827E-10     1.022691649E-01
     1.596929100E-04     5.175917876E-11     4.394969366E-10     9.894699135E-02
     1.624816916E-04     5.032635067E-11     4.169321521E-10     9.569869437E-02
     1.653191748E-04     4.891106170E-11     3.951903945E-10     9.252405393E-02
     1.682062101E-04     4.751714158E-11     3.743167228E-10     8.942312558E-02
     1.711436629E-04     4.614895249E-11     3.543472772E-10     8.639624155E-02
     1.741324136E-04     4.481098991E-11     3.353056088E-10     8.344399312E-02
     1.771733581E-04     4.350749165E-11     3.172004768E-10     8.056719100E-02
     1.802674078E-04     4.224210621E-11     3.000253657E-10     7.776680285E-02
     1.834154901E-04     4.101765959E-11     2.837596322E-10     7.504387021E-02
     1.866185487E-04     3.983603704E-11     2.683708989E-10     7.239941118E-02
     1.898775436E-04     3.869817402E-11     2.538181548E-10     6.983431772E-02
     1.931934516E-04     3.760413381E-11     2.400550212E-10     6.734925824E-02
     1.965672667E-04     3.655324127E-11     2.270327520E-10     6.494459554E-02
     2.000000000E-04     3.554424307E-11     2.147027029E-10     6.262032777E-02

