
*FILE TYPE =     6

                Single scattering parameters.


Scattering algorithm =     1   (Full Mie scattering calculation         )
Scattering type      =     0   (Unassigned          )

Number density   =
Effective radius =
Volume fraction  =

    Wavelength (m)      Absorption (m-1)    Scattering (m-1)     Moments of pf
     2.000000000E-07     7.392527164E-10     1.215751510E-09     8.480885765E-01
     2.034926805E-07     7.594658718E-10     1.196076908E-09     8.573426787E-01
     2.070463552E-07     7.838255978E-10     1.171855730E-09     8.724659028E-01
     2.106620891E-07     8.079396606E-10     1.147712142E-09     8.898073945E-01
     2.143409660E-07     8.232857293E-10     1.132446702E-09     9.013936259E-01
     2.180840886E-07     8.386139245E-10     1.117184744E-09     9.141206043E-01
     2.218925789E-07     8.498015547E-10     1.106073912E-09     9.239750421E-01
     2.257675783E-07     8.542872608E-10     1.101720273E-09     9.283391664E-01
     2.297102485E-07     8.518805406E-10     1.104353484E-09     9.271254942E-01
     2.337217711E-07     8.424923803E-10     1.114160526E-09     9.199005641E-01
     2.378033485E-07     8.296440537E-10     1.127582554E-09     9.092936041E-01
     2.419562041E-07     8.171341022E-10     1.140721242E-09     8.983871888E-01
     2.461815828E-07     8.062196562E-10     1.152266996E-09     8.881494562E-01
     2.504807509E-07     7.958572085E-10     1.163224425E-09     8.776572752E-01
     2.548549971E-07     7.936208150E-10     1.165817165E-09     8.744369857E-01
     2.593056326E-07     7.959721053E-10     1.163659812E-09     8.749355159E-01
     2.638339913E-07     8.021775512E-10     1.157555206E-09     8.791220256E-01
     2.684414305E-07     8.100664408E-10     1.149810352E-09     8.853015523E-01
     2.731293314E-07     8.193012649E-10     1.140786642E-09     8.929562282E-01
     2.778990989E-07     8.265019979E-10     1.133869812E-09     8.990018399E-01
     2.827521628E-07     8.316166085E-10     1.129068694E-09     9.032606683E-01
     2.876899777E-07     8.348605783E-10     1.126152342E-09     9.058834830E-01
     2.927140236E-07     8.361530996E-10     1.125201646E-09     9.068078875E-01
     2.978258065E-07     8.373334215E-10     1.124364073E-09     9.076175639E-01
     3.030268585E-07     8.379766711E-10     1.124066579E-09     9.079141757E-01
     3.083187386E-07     8.554765111E-10     1.106935888E-09     9.134904234E-01
     3.137030329E-07     8.352371113E-10     1.127105483E-09     9.026676051E-01
     3.191813553E-07     7.893187400E-10     1.173993747E-09     8.873776693E-01
     3.247553478E-07     7.301140183E-10     1.232534385E-09     8.730392281E-01
     3.304266813E-07     6.710563465E-10     1.293596312E-09     8.629277309E-01
     3.361970555E-07     6.152465278E-10     1.348640886E-09     8.538348084E-01
     3.420682001E-07     5.651076580E-10     1.400856269E-09     8.467947288E-01
     3.480418748E-07     5.215820621E-10     1.444237363E-09     8.412735121E-01
     3.541198702E-07     4.847885445E-10     1.481218357E-09     8.368173488E-01
     3.603040082E-07     4.538982055E-10     1.512504813E-09     8.337631363E-01
     3.665961422E-07     4.288698618E-10     1.536852855E-09     8.304765099E-01
     3.729981582E-07     4.093165724E-10     1.557693886E-09     8.284499762E-01
     3.795119753E-07     3.958088941E-10     1.571322053E-09     8.271580845E-01
     3.861395458E-07     3.880744404E-10     1.579150072E-09     8.263947709E-01
     3.928828562E-07     3.861054959E-10     1.581175851E-09     8.264199261E-01
     3.997439277E-07     3.913767920E-10     1.577777814E-09     8.276165173E-01
     4.067248169E-07     4.036837416E-10     1.566673635E-09     8.286916106E-01
     4.138276162E-07     4.235424639E-10     1.546353422E-09     8.296212749E-01
     4.210544546E-07     4.504519927E-10     1.517466511E-09     8.337434572E-01
     4.284074981E-07     4.802089467E-10     1.487949681E-09     8.374672064E-01
     4.358889508E-07     5.071637297E-10     1.465473299E-09     8.411667224E-01
     4.435010551E-07     5.271464470E-10     1.445123138E-09     8.434354590E-01
     4.512460926E-07     5.407648634E-10     1.430944829E-09     8.448753933E-01
     4.591263848E-07     5.502930135E-10     1.423441798E-09     8.464365581E-01
     4.671442938E-07     5.602100658E-10     1.412253765E-09     8.478510034E-01
     4.753022228E-07     5.766808077E-10     1.395419264E-09     8.506620945E-01
     4.836026169E-07     5.995648143E-10     1.372007332E-09     8.530781141E-01
     4.920479642E-07     6.281506056E-10     1.347757973E-09     8.580670107E-01
     5.006407959E-07     6.581131534E-10     1.317778740E-09     8.621995383E-01
     5.093836878E-07     6.863423489E-10     1.288819107E-09     8.667844973E-01
     5.182792603E-07     7.099598549E-10     1.265809450E-09     8.713055374E-01
     5.273301797E-07     7.271542089E-10     1.247363520E-09     8.731605499E-01
     5.365391591E-07     7.378052450E-10     1.240416771E-09     8.764350064E-01
     5.459089585E-07     7.413966429E-10     1.236913241E-09     8.766645617E-01
     5.554423865E-07     7.385144524E-10     1.239289510E-09     8.755512159E-01
     5.651423006E-07     7.290630555E-10     1.249713375E-09     8.735927706E-01
     5.750116082E-07     7.138852199E-10     1.263145105E-09     8.700797658E-01
     5.850532675E-07     6.950979855E-10     1.285872054E-09     8.678655460E-01
     5.952702883E-07     6.764626841E-10     1.303788755E-09     8.642772166E-01
     6.056657331E-07     6.651085493E-10     1.316723632E-09     8.624308980E-01
     6.162427177E-07     6.651837603E-10     1.317909467E-09     8.619080671E-01
     6.270044125E-07     6.794037473E-10     1.302185060E-09     8.642527551E-01
     6.379540431E-07     6.999502022E-10     1.283006084E-09     8.685671814E-01
     6.490948915E-07     7.132718037E-10     1.267709727E-09     8.702935099E-01
     6.604302970E-07     7.110308777E-10     1.274027477E-09     8.689569229E-01
     6.719636573E-07     6.831984014E-10     1.302441794E-09     8.647155571E-01
     6.836984292E-07     6.265756283E-10     1.355418605E-09     8.545453377E-01
     6.956381303E-07     5.393758545E-10     1.448624064E-09     8.423790906E-01
     7.077863391E-07     4.330859317E-10     1.556089799E-09     8.284608069E-01
     7.201466970E-07     3.366829773E-10     1.648059531E-09     8.177306181E-01
     7.327229088E-07     2.586337274E-10     1.729706014E-09     8.109919129E-01
     7.455187441E-07     2.024670866E-10     1.782822710E-09     8.051833581E-01
     7.585380381E-07     1.624587476E-10     1.827823407E-09     8.002682146E-01
     7.717846934E-07     1.332596764E-10     1.858441556E-09     7.995250649E-01
     7.852626803E-07     1.124675656E-10     1.874995601E-09     7.952001619E-01
     7.989760388E-07     9.528381151E-11     1.898004356E-09     7.946171754E-01
     8.129288791E-07     8.228166578E-11     1.907319271E-09     7.917700155E-01
     8.271253836E-07     7.166903335E-11     1.924585461E-09     7.903281336E-01
     8.415698073E-07     6.319357546E-11     1.933492061E-09     7.918539521E-01
     8.562664797E-07     5.577939024E-11     1.932950111E-09     7.903671714E-01
     8.712198061E-07     4.950030658E-11     1.948483354E-09     7.886809246E-01
     8.864342685E-07     4.445954747E-11     1.952479050E-09     7.894374624E-01
     9.019144271E-07     4.042417025E-11     1.955277370E-09     7.870581533E-01
     9.176649220E-07     3.681866443E-11     1.963727735E-09     7.846438040E-01
     9.336904741E-07     3.310277994E-11     1.960868113E-09     7.851527348E-01
     9.499958869E-07     3.043888770E-11     1.972289224E-09     7.827550017E-01
     9.665860477E-07     2.811810629E-11     1.975035244E-09     7.854458819E-01
     9.834659292E-07     2.563507947E-11     1.967424910E-09     7.845132177E-01
     1.000640591E-06     2.355678427E-11     1.978883026E-09     7.838010572E-01
     1.018115180E-06     2.196879810E-11     1.979930964E-09     7.827434370E-01
     1.035894936E-06     2.083658590E-11     1.980761062E-09     7.818029409E-01
     1.053985186E-06     2.018793780E-11     1.988299333E-09     7.812099396E-01
     1.072391354E-06     1.870048505E-11     1.978710001E-09     7.821587093E-01
     1.091118956E-06     1.776417227E-11     1.993526464E-09     7.779712518E-01
     1.110173606E-06     1.715067999E-11     1.991809513E-09     7.814629220E-01
     1.129561015E-06     1.656698995E-11     1.985894284E-09     7.810382273E-01
     1.149286994E-06     1.617994643E-11     1.996103130E-09     7.807219717E-01
     1.169357455E-06     1.537351611E-11     1.987902626E-09     7.766191280E-01
     1.189778416E-06     1.507024976E-11     1.996931051E-09     7.770292519E-01
     1.210555995E-06     1.481534600E-11     1.999934058E-09     7.782518066E-01
     1.231696422E-06     1.470238073E-11     1.987668384E-09     7.774041606E-01
     1.253206033E-06     1.446560082E-11     2.003239131E-09     7.745502698E-01
     1.275091274E-06     1.477064951E-11     1.999887236E-09     7.774536809E-01
     1.297358707E-06     1.447173291E-11     1.994085596E-09     7.772826813E-01
     1.320015005E-06     1.449526423E-11     2.006422648E-09     7.751269750E-01
     1.343066958E-06     1.494636823E-11     1.995504519E-09     7.731802302E-01
     1.366521477E-06     1.475361038E-11     2.003571499E-09     7.737702668E-01
     1.390385592E-06     1.515105746E-11     2.008071250E-09     7.738663521E-01
     1.414666456E-06     1.541061129E-11     1.995281962E-09     7.737088279E-01
     1.439371346E-06     1.593853446E-11     2.010439357E-09     7.710013722E-01
     1.464507668E-06     1.619520917E-11     2.002044179E-09     7.744653858E-01
     1.490082955E-06     1.661791084E-11     2.001428681E-09     7.723754638E-01
     1.516104874E-06     1.798106271E-11     2.014289248E-09     7.691124909E-01
     1.542581224E-06     1.794107493E-11     1.998712658E-09     7.685928534E-01
     1.569519941E-06     1.868360113E-11     2.010276724E-09     7.689231702E-01
     1.596929100E-06     1.929196982E-11     2.011572252E-09     7.696018742E-01
     1.624816916E-06     2.073881777E-11     1.998513862E-09     7.700101032E-01
     1.653191748E-06     2.172789434E-11     2.014894791E-09     7.670542559E-01
     1.682062101E-06     2.263207630E-11     2.003281368E-09     7.699513044E-01
     1.711436629E-06     2.376664049E-11     2.008486857E-09     7.667284956E-01
     1.741324136E-06     2.498185188E-11     2.013940591E-09     7.638035214E-01
     1.771733581E-06     2.592565674E-11     2.003605844E-09     7.631638415E-01
     1.802674078E-06     2.781947900E-11     2.013232827E-09     7.622499142E-01
     1.834154901E-06     2.892911187E-11     2.010749326E-09     7.654863780E-01
     1.866185487E-06     3.055327394E-11     2.001212467E-09     7.644910029E-01
     1.898775436E-06     3.152047608E-11     2.012591553E-09     7.620155769E-01
     1.931934516E-06     3.349685382E-11     1.999585956E-09     7.665428750E-01
     1.965672667E-06     3.550784927E-11     2.002026920E-09     7.637623482E-01
     2.000000000E-06     3.759940730E-11     2.009030094E-09     7.605782639E-01
     2.034926805E-06     4.053035548E-11     1.999344582E-09     7.597647035E-01
     2.070463552E-06     4.303501773E-11     2.010832560E-09     7.566379799E-01
     2.106620891E-06     4.426856891E-11     2.001247556E-09     7.622210200E-01
     2.143409660E-06     4.791820599E-11     1.999270336E-09     7.600139270E-01
     2.180840886E-06     4.993086867E-11     2.006062591E-09     7.568213096E-01
     2.218925789E-06     5.281088980E-11     1.991698023E-09     7.620524379E-01
     2.257675783E-06     5.625299374E-11     1.996092986E-09     7.591158018E-01
     2.297102485E-06     5.973517152E-11     1.999094561E-09     7.550240677E-01
     2.337217711E-06     6.293899551E-11     1.990038939E-09     7.570399699E-01
     2.378033485E-06     6.569334645E-11     1.998156006E-09     7.515278425E-01
     2.419562041E-06     6.795963701E-11     1.986359909E-09     7.592061997E-01
     2.461815828E-06     7.100988825E-11     1.990105869E-09     7.567513204E-01
     2.504807509E-06     7.319488103E-11     1.990771381E-09     7.520576696E-01
     2.548549971E-06     7.468706617E-11     1.985437462E-09     7.567205030E-01
     2.593056326E-06     7.989844233E-11     1.985605508E-09     7.538809111E-01
     2.638339913E-06     8.525344368E-11     1.988286139E-09     7.494462884E-01
     2.684414305E-06     8.916522309E-11     1.975103918E-09     7.548284081E-01
     2.731293314E-06     9.622378778E-11     1.976677145E-09     7.463365746E-01
     2.778990989E-06     1.018705210E-10     1.964361618E-09     7.560308520E-01
     2.827521628E-06     1.074406281E-10     1.962158043E-09     7.539285426E-01
     2.876899777E-06     1.134848390E-10     1.957515605E-09     7.490453981E-01
     2.927140236E-06     1.194854307E-10     1.958904632E-09     7.521469980E-01
     2.978258065E-06     1.254735896E-10     1.953259948E-09     7.497312834E-01
     3.030268585E-06     1.309181432E-10     1.949844214E-09     7.477293461E-01
     3.083187386E-06     1.332517206E-10     1.944948407E-09     7.523064619E-01
     3.137030329E-06     1.398995337E-10     1.946670883E-09     7.427150616E-01
     3.191813553E-06     1.435285552E-10     1.935971181E-09     7.522645038E-01
     3.247553478E-06     1.480875085E-10     1.936710294E-09     7.499716421E-01
     3.304266813E-06     1.545450854E-10     1.928402679E-09     7.450190666E-01
     3.361970555E-06     1.633106086E-10     1.928481726E-09     7.479692605E-01
     3.420682001E-06     1.712283396E-10     1.924083100E-09     7.453163230E-01
     3.480418748E-06     1.794198001E-10     1.914929996E-09     7.446999549E-01
     3.541198702E-06     1.856286518E-10     1.905869164E-09     7.490403983E-01
     3.603040082E-06     1.979103835E-10     1.904977215E-09     7.401141782E-01
     3.665961422E-06     2.055953039E-10     1.890553853E-09     7.494836437E-01
     3.729981582E-06     2.139521819E-10     1.885465191E-09     7.474848432E-01
     3.795119753E-06     2.226724176E-10     1.875280837E-09     7.426958006E-01
     3.861395458E-06     2.332518072E-10     1.874416432E-09     7.461288569E-01
     3.928828562E-06     2.419930158E-10     1.870591803E-09     7.428396594E-01
     3.997439277E-06     2.514656826E-10     1.858039547E-09     7.433759539E-01
     4.067248169E-06     2.577084349E-10     1.850717476E-09     7.469570391E-01
     4.138276162E-06     2.683394082E-10     1.850560144E-09     7.385984809E-01
     4.210544546E-06     2.729921281E-10     1.839431440E-09     7.467240422E-01
     4.284074981E-06     2.803038038E-10     1.836961059E-09     7.444247558E-01
     4.358889508E-06     2.883211927E-10     1.828254078E-09     7.397734505E-01
     4.435010551E-06     2.986248633E-10     1.825500555E-09     7.435254050E-01
     4.512460926E-06     3.086573447E-10     1.822628097E-09     7.395244171E-01
     4.591263848E-06     3.186419042E-10     1.807320884E-09     7.415281721E-01
     4.671442938E-06     3.272770969E-10     1.801370488E-09     7.442528257E-01
     4.753022228E-06     3.378503818E-10     1.797668155E-09     7.369325067E-01
     4.836026169E-06     3.429413309E-10     1.786383357E-09     7.438873721E-01
     4.920479642E-06     3.531151338E-10     1.784094636E-09     7.414900405E-01
     5.006407959E-06     3.644865766E-10     1.773938753E-09     7.376737065E-01
     5.093836878E-06     3.757868306E-10     1.767458955E-09     7.420022667E-01
     5.182792603E-06     3.892973609E-10     1.762476577E-09     7.377552823E-01
     5.273301797E-06     3.994566221E-10     1.743961031E-09     7.401127123E-01
     5.365391591E-06     4.103317563E-10     1.738873058E-09     7.424345478E-01
     5.459089585E-06     4.230962932E-10     1.733563761E-09     7.363786577E-01
     5.554423865E-06     4.283758379E-10     1.721805486E-09     7.421278321E-01
     5.651423006E-06     4.411318134E-10     1.718772868E-09     7.400295032E-01
     5.750116082E-06     4.529203218E-10     1.706646114E-09     7.369712939E-01
     5.850532675E-06     4.610157286E-10     1.701507776E-09     7.409703003E-01
     5.952702883E-06     4.733650451E-10     1.700727137E-09     7.365839308E-01
     6.056657331E-06     4.791165616E-10     1.686250926E-09     7.382751499E-01
     6.162427177E-06     4.878812755E-10     1.684762617E-09     7.398540097E-01
     6.270044125E-06     4.991021885E-10     1.680203113E-09     7.345527870E-01
     6.379540431E-06     5.009837297E-10     1.670732399E-09     7.387169494E-01
     6.490948915E-06     5.126873348E-10     1.671406944E-09     7.366560063E-01
     6.604302970E-06     5.216790544E-10     1.661827634E-09     7.338820475E-01
     6.719636573E-06     5.263674392E-10     1.659309029E-09     7.371399658E-01
     6.836984292E-06     5.386586759E-10     1.660151531E-09     7.330697078E-01
     6.956381303E-06     5.424620391E-10     1.646734417E-09     7.342018494E-01
     7.077863391E-06     5.521645529E-10     1.645298903E-09     7.354788983E-01
     7.201466970E-06     5.646816244E-10     1.639442576E-09     7.312727256E-01
     7.327229088E-06     5.662102918E-10     1.630541651E-09     7.343633996E-01
     7.455187441E-06     5.794632739E-10     1.631789180E-09     7.326943692E-01
     7.585380381E-06     5.878559643E-10     1.622130071E-09     7.305642855E-01
     7.717846934E-06     5.927223925E-10     1.619108935E-09     7.331493620E-01
     7.852626803E-06     6.075872269E-10     1.617885697E-09     7.300028124E-01
     7.989760388E-06     6.108845060E-10     1.605412633E-09     7.307672598E-01
     8.129288791E-06     6.216072136E-10     1.604118607E-09     7.316669757E-01
     8.271253836E-06     6.343440401E-10     1.597732589E-09     7.285315585E-01
     8.415698073E-06     6.344425027E-10     1.591094370E-09     7.303690665E-01
     8.562664797E-06     6.446633343E-10     1.595857955E-09     7.285261419E-01
     8.712198061E-06     6.468177800E-10     1.592065319E-09     7.260819439E-01
     8.864342685E-06     6.463884438E-10     1.594742929E-09     7.270987455E-01
     9.019144271E-06     6.559424972E-10     1.599328462E-09     7.237588729E-01
     9.176649220E-06     6.529863422E-10     1.594384213E-09     7.233185423E-01
     9.336904741E-06     6.602732617E-10     1.597627183E-09     7.233142565E-01
     9.499958869E-06     6.701585074E-10     1.593998966E-09     7.204270859E-01
     9.665860477E-06     6.689313825E-10     1.589165161E-09     7.213508503E-01
     9.834659292E-06     6.812203073E-10     1.591988671E-09     7.198907483E-01
     1.000640591E-05     6.854068086E-10     1.586130788E-09     7.180512464E-01
     1.018115180E-05     6.868527167E-10     1.586948415E-09     7.186637139E-01
     1.035894936E-05     6.969504686E-10     1.590801534E-09     7.159529165E-01
     1.053985186E-05     6.939054959E-10     1.588072202E-09     7.151000291E-01
     1.072391354E-05     6.995518093E-10     1.593692131E-09     7.145698761E-01
     1.091118956E-05     7.061060425E-10     1.594295308E-09     7.118054139E-01
     1.110173606E-05     7.017491594E-10     1.594559552E-09     7.115876513E-01
     1.129561015E-05     7.080004229E-10     1.603463350E-09     7.093828820E-01
     1.149286994E-05     7.049868642E-10     1.605124059E-09     7.067096414E-01
     1.169357455E-05     7.011991376E-10     1.611493588E-09     7.059762878E-01
     1.189778416E-05     7.074636519E-10     1.618536075E-09     7.029826906E-01
     1.210555995E-05     7.053553444E-10     1.615069171E-09     7.020915166E-01
     1.231696422E-05     7.177916638E-10     1.613876362E-09     7.022623056E-01
     1.253206033E-05     7.311772860E-10     1.607792363E-09     7.009654918E-01
     1.275091274E-05     7.357736339E-10     1.601452589E-09     7.014990795E-01
     1.297358707E-05     7.496020867E-10     1.602366399E-09     7.006809429E-01
     1.320015005E-05     7.498722148E-10     1.603625247E-09     6.986323032E-01
     1.343066958E-05     7.472581897E-10     1.610822433E-09     6.974261711E-01
     1.366521477E-05     7.520801097E-10     1.619052036E-09     6.947475986E-01
     1.390385592E-05     7.464606744E-10     1.622419121E-09     6.928872764E-01
     1.414666456E-05     7.483036744E-10     1.631062477E-09     6.912482753E-01
     1.439371346E-05     7.498680415E-10     1.636752849E-09     6.884885794E-01
     1.464507668E-05     7.426197873E-10     1.642944604E-09     6.867353300E-01
     1.490082955E-05     7.422105763E-10     1.657239307E-09     6.838050748E-01
     1.516104874E-05     7.344543905E-10     1.666496546E-09     6.806179777E-01
     1.542581224E-05     7.265785724E-10     1.679114395E-09     6.784253918E-01
     1.569519941E-05     7.260841192E-10     1.693398025E-09     6.750805333E-01
     1.596929100E-05     7.166187696E-10     1.701522203E-09     6.726672785E-01
     1.624816916E-05     7.165884780E-10     1.714158123E-09     6.706250163E-01
     1.653191748E-05     7.159285177E-10     1.724039791E-09     6.677081638E-01
     1.682062101E-05     7.088774636E-10     1.732594852E-09     6.658744259E-01
     1.711436629E-05     7.112789343E-10     1.746595455E-09     6.633729174E-01
     1.741324136E-05     7.066882094E-10     1.754967891E-09     6.607665404E-01
     1.771733581E-05     7.028521040E-10     1.765841619E-09     6.588931183E-01
     1.802674078E-05     7.045183776E-10     1.778696410E-09     6.560770970E-01
     1.834154901E-05     6.978999560E-10     1.785973163E-09     6.538279925E-01
     1.866185487E-05     6.969266395E-10     1.798892591E-09     6.515856766E-01
     1.898775436E-05     6.944655783E-10     1.810656870E-09     6.485463158E-01
     1.931934516E-05     6.859030725E-10     1.820630123E-09     6.461991196E-01
     1.965672667E-05     6.845914482E-10     1.836468557E-09     6.433276341E-01
     2.000000000E-05     6.782669635E-10     1.846788017E-09     6.403859301E-01
     2.034926805E-05     6.716842775E-10     1.859037554E-09     6.379826374E-01
     2.070463552E-05     6.700489967E-10     1.874652973E-09     6.348653295E-01
     2.106620891E-05     6.619330036E-10     1.884513038E-09     6.321903696E-01
     2.143409660E-05     6.578736965E-10     1.900226993E-09     6.295305976E-01
     2.180840886E-05     6.541210462E-10     1.914974042E-09     6.263927123E-01
     2.218925789E-05     6.460399256E-10     1.927104681E-09     6.238302417E-01
     2.257675783E-05     6.416744581E-10     1.947507648E-09     6.206732073E-01
     2.297102485E-05     6.315240842E-10     1.965307053E-09     6.173151276E-01
     2.337217711E-05     6.216675170E-10     1.984972200E-09     6.143319968E-01
     2.378033485E-05     6.146602521E-10     2.008458777E-09     6.107556957E-01
     2.419562041E-05     6.027467629E-10     2.026028732E-09     6.076301519E-01
     2.461815828E-05     5.996834172E-10     2.044976131E-09     6.048187361E-01
     2.504807509E-05     5.989551542E-10     2.057328211E-09     6.019955671E-01
     2.548549971E-05     5.957934219E-10     2.066800780E-09     5.996731529E-01
     2.593056326E-05     5.986958642E-10     2.081739429E-09     5.969522230E-01
     2.638339913E-05     5.958376685E-10     2.090789544E-09     5.941686713E-01
     2.684414305E-05     5.925043439E-10     2.103631598E-09     5.914559672E-01
     2.731293314E-05     5.817221778E-10     2.130698379E-09     5.874078212E-01
     2.778990989E-05     5.647686936E-10     2.152144641E-09     5.835644236E-01
     2.827521628E-05     5.521145733E-10     2.178583306E-09     5.796921165E-01
     2.876899777E-05     5.379135959E-10     2.202874849E-09     5.755379524E-01
     2.927140236E-05     5.238037513E-10     2.221780099E-09     5.719106750E-01
     2.978258065E-05     5.172347674E-10     2.243141510E-09     5.681714122E-01
     3.030268585E-05     5.056169074E-10     2.257966699E-09     5.644202802E-01
     3.083187386E-05     4.952789717E-10     2.275109201E-09     5.608539483E-01
     3.137030329E-05     4.881800302E-10     2.295503202E-09     5.569030951E-01
     3.191813553E-05     4.754221800E-10     2.308554684E-09     5.531712486E-01
     3.247553478E-05     4.681565938E-10     2.327196847E-09     5.493967192E-01
     3.304266813E-05     4.587421838E-10     2.343250649E-09     5.453863729E-01
     3.361970555E-05     4.468804949E-10     2.357508373E-09     5.416139386E-01
     3.420682001E-05     4.407561318E-10     2.377917826E-09     5.375859441E-01
     3.480418748E-05     4.310364132E-10     2.389245104E-09     5.336777638E-01
     3.541198702E-05     4.252654406E-10     2.402395955E-09     5.299026284E-01
     3.603040082E-05     4.202217327E-10     2.417044289E-09     5.258930526E-01
     3.665961422E-05     4.118363938E-10     2.427872346E-09     5.219650325E-01
     3.729981582E-05     4.069795040E-10     2.443351694E-09     5.179672144E-01
     3.795119753E-05     3.979715116E-10     2.459544500E-09     5.136802610E-01
     3.861395458E-05     3.844493720E-10     2.478271287E-09     5.092663885E-01
     3.928828562E-05     3.721843331E-10     2.501202638E-09     5.047334860E-01
     3.997439277E-05     3.576772404E-10     2.521381900E-09     5.001281101E-01
     4.067248169E-05     3.439208604E-10     2.541909707E-09     4.955842744E-01
     4.138276162E-05     3.336244293E-10     2.562121338E-09     4.910154903E-01
     4.210544546E-05     3.230659975E-10     2.576885612E-09     4.864314280E-01
     4.284074981E-05     3.130314397E-10     2.592268471E-09     4.818938391E-01
     4.358889508E-05     3.032146862E-10     2.607689680E-09     4.772323432E-01
     4.435010551E-05     2.922669410E-10     2.620109575E-09     4.725561899E-01
     4.512460926E-05     2.833614301E-10     2.632383350E-09     4.679316102E-01
     4.591263848E-05     2.759159695E-10     2.642976132E-09     4.631665215E-01
     4.671442938E-05     2.677818074E-10     2.650159089E-09     4.583324622E-01
     4.753022228E-05     2.600876104E-10     2.657070922E-09     4.534720442E-01
     4.836026169E-05     2.525837634E-10     2.660922799E-09     4.485156810E-01
     4.920479642E-05     2.459970629E-10     2.661130006E-09     4.436042517E-01
     5.006407959E-05     2.404552763E-10     2.659781764E-09     4.386644617E-01
     5.093836878E-05     2.352177760E-10     2.656858514E-09     4.336428519E-01
     5.182792603E-05     2.305016178E-10     2.652907357E-09     4.285149839E-01
     5.273301797E-05     2.254530186E-10     2.645649256E-09     4.232751362E-01
     5.365391591E-05     2.196543138E-10     2.637041948E-09     4.179687488E-01
     5.459089585E-05     2.135250519E-10     2.627154680E-09     4.125794332E-01
     5.554423865E-05     2.069517186E-10     2.614027756E-09     4.071468602E-01
     5.651423006E-05     2.004999225E-10     2.599899209E-09     4.017047536E-01
     5.750116082E-05     1.949183173E-10     2.584463990E-09     3.962229734E-01
     5.850532675E-05     1.921705871E-10     2.563869744E-09     3.907506670E-01
     5.952702883E-05     1.906958837E-10     2.539804132E-09     3.852502309E-01
     6.056657331E-05     1.892463555E-10     2.513079726E-09     3.796963103E-01
     6.162427177E-05     1.876548755E-10     2.484024827E-09     3.741015925E-01
     6.270044125E-05     1.855545587E-10     2.453403646E-09     3.684613400E-01
     6.379540431E-05     1.807497036E-10     2.423811367E-09     3.627302684E-01
     6.490948915E-05     1.748978312E-10     2.394255226E-09     3.569637244E-01
     6.604302970E-05     1.692482338E-10     2.364243124E-09     3.511848012E-01
     6.719636573E-05     1.639082202E-10     2.333480153E-09     3.453866825E-01
     6.836984292E-05     1.589812704E-10     2.301108095E-09     3.395735734E-01
     6.956381303E-05     1.551171679E-10     2.265881229E-09     3.337690670E-01
     7.077863391E-05     1.516722021E-10     2.228410603E-09     3.279650093E-01
     7.201466970E-05     1.482331666E-10     2.189101046E-09     3.221583634E-01
     7.327229088E-05     1.447358852E-10     2.148190446E-09     3.163540414E-01
     7.455187441E-05     1.412439819E-10     2.105881992E-09     3.105587342E-01
     7.585380381E-05     1.388750906E-10     2.061453015E-09     3.048018064E-01
     7.717846934E-05     1.367725940E-10     2.016737735E-09     2.990648364E-01
     7.852626803E-05     1.347862129E-10     1.972375772E-09     2.933419346E-01
     7.989760388E-05     1.329321334E-10     1.928228515E-09     2.876308525E-01
     8.129288791E-05     1.310593844E-10     1.884081315E-09     2.819290047E-01
     8.271253836E-05     1.288533443E-10     1.839912772E-09     2.762337390E-01
     8.415698073E-05     1.265147803E-10     1.795274445E-09     2.705547809E-01
     8.562664797E-05     1.241780822E-10     1.749932535E-09     2.649005146E-01
     8.712198061E-05     1.218310275E-10     1.703921431E-09     2.592758943E-01
     8.864342685E-05     1.194028982E-10     1.657441157E-09     2.536842112E-01
     9.019144271E-05     1.167686556E-10     1.610854968E-09     2.481273099E-01
     9.176649220E-05     1.140532350E-10     1.564396750E-09     2.426114349E-01
     9.336904741E-05     1.113471233E-10     1.518410282E-09     2.371414847E-01
     9.499958869E-05     1.086958954E-10     1.473231178E-09     2.317206549E-01
     9.665860477E-05     1.061716879E-10     1.428984995E-09     2.263516026E-01
     9.834659292E-05     1.038806594E-10     1.385555320E-09     2.210366287E-01
     1.000640591E-04     1.017249168E-10     1.342858392E-09     2.157739534E-01
     1.018115180E-04     9.964803836E-11     1.300728984E-09     2.105627188E-01
     1.035894936E-04     9.762608490E-11     1.258997819E-09     2.054031310E-01
     1.053985186E-04     9.559819476E-11     1.217576918E-09     2.002954140E-01
     1.072391354E-04     9.346165925E-11     1.176467451E-09     1.952397546E-01
     1.091118956E-04     9.129607534E-11     1.135595070E-09     1.902397553E-01
     1.110173606E-04     8.913030208E-11     1.094986433E-09     1.852984401E-01
     1.129561015E-04     8.696403711E-11     1.054744733E-09     1.804185319E-01
     1.149286994E-04     8.479871614E-11     1.015019221E-09     1.756028733E-01
     1.169357455E-04     8.264104698E-11     9.759897872E-10     1.708544472E-01
     1.189778416E-04     8.050249258E-11     9.378456244E-10     1.661763602E-01
     1.210555995E-04     7.839763262E-11     9.007567118E-10     1.615717944E-01
     1.231696422E-04     7.634147526E-11     8.648452517E-10     1.570438831E-01
     1.253206033E-04     7.434650455E-11     8.301675623E-10     1.525955047E-01
     1.275091274E-04     7.242054609E-11     7.967131541E-10     1.482290421E-01
     1.297358707E-04     7.056607837E-11     7.644190102E-10     1.439461892E-01
     1.320015005E-04     6.878084970E-11     7.331910059E-10     1.397478663E-01
     1.343066958E-04     6.705920239E-11     7.029243852E-10     1.356342586E-01
     1.366521477E-04     6.539351262E-11     6.735189476E-10     1.316049431E-01
     1.390385592E-04     6.377539966E-11     6.448882531E-10     1.276590527E-01
     1.414666456E-04     6.219659793E-11     6.169641211E-10     1.237954367E-01
     1.439371346E-04     6.064952574E-11     5.896981080E-10     1.200127958E-01
     1.464507668E-04     5.912763375E-11     5.630613244E-10     1.163097848E-01
     1.490082955E-04     5.762561362E-11     5.370434063E-10     1.126850895E-01
     1.516104874E-04     5.613952428E-11     5.116509994E-10     1.091374837E-01
     1.542581224E-04     5.466686645E-11     4.869057981E-10     1.056658738E-01
     1.569519941E-04     5.320661280E-11     4.628420187E-10     1.022693378E-01
     1.596929100E-04     5.175918419E-11     4.395031549E-10     9.894715909E-02
     1.624816916E-04     5.032635366E-11     4.169379630E-10     9.569885694E-02
     1.653191748E-04     4.891106173E-11     3.951958095E-10     9.252421128E-02
     1.682062101E-04     4.751713814E-11     3.743217555E-10     8.942327764E-02
     1.711436629E-04     4.614894511E-11     3.543519433E-10     8.639638823E-02
     1.741324136E-04     4.481097826E-11     3.353099263E-10     8.344413432E-02
     1.771733581E-04     4.350747552E-11     3.172044655E-10     8.056732664E-02
     1.802674078E-04     4.224208557E-11     3.000290466E-10     7.776693283E-02
     1.834154901E-04     4.101763454E-11     2.837630268E-10     7.504399446E-02
     1.866185487E-04     3.983600781E-11     2.683740286E-10     7.239952967E-02
     1.898775436E-04     3.869814094E-11     2.538210406E-10     6.983443044E-02
     1.931934516E-04     3.760409729E-11     2.400576830E-10     6.734936523E-02
     1.965672667E-04     3.655320174E-11     2.270352084E-10     6.494469689E-02
     2.000000000E-04     3.554420083E-11     2.147049801E-10     6.262042398E-02

